  1.07802  -4.96534
  0.70262  -4.70134
 -2.91237  -2.35689
 -0.08431  -2.55125
  1.57084  -5.88444
 -0.70629  -1.64344
 -0.36478  -1.81276
  0.07452  -0.85639
 -0.05854  -1.89584
 -1.47127  -1.61062
 -3.20786  -2.72292
 -0.94060  -1.46727
 -1.94961  -1.95649
  0.75346  -4.47108
  0.53670  -4.15776
  0.43251  -3.90274
  0.28067  -2.93512
 -0.34481  -1.43222
  0.78196  -4.25558
 -3.26085  -0.60937
 -2.22347  -1.50697
 -2.12265  -2.34274
  0.02001  -2.16261
  0.81104  -5.34816
 -5.41262  -1.08587
  0.28177  -1.58973
 -2.08931  -1.61171
 -1.79831  -2.49339
 -9.06793  -6.16446
 -2.27415  -2.21866
 -2.92192  -2.20533
 -1.04311  -0.81655
 -2.79902  -2.19603
 -5.03046  -3.48586
  1.06889  -4.59986
  1.00993  -4.95959
  0.22973  -2.79140
  0.01686  -2.39141
  0.25179  -3.06796
 -0.83098   3.67361
 -1.87899  -2.04090
 -5.18021  -2.06050
  1.92565  -7.41398
 -3.98739  -4.55018
 -3.37864  -2.71565
  1.49047  -5.81100
 -4.92010  -4.00768
 -0.04067  -2.31308
 -3.29253   1.19137
 -2.07855  -1.56232
 -3.41347  -4.45641
 -3.05507  -2.64438
 -1.19205  -1.85602
  0.90575  -4.25984
 -8.81310  -2.82244
 -0.82594  -0.83791
 -2.86504  -2.84445
 -0.00132  -2.65397
  1.39440  -6.29411
  0.73367  -3.93492
 -0.81517  -3.39074
 -2.19538  -2.20749
  0.19830  -1.14618
  1.04505  -5.41426
  0.55864  -3.92789
  0.50450  -4.34099
 -1.47729  -5.66316
 -1.01854  -1.79099
 -3.40948  -1.27147
  0.40557  -3.48920
  0.75298  -3.98979
 -3.77461  -1.61986
 -3.73245  -3.08768
 -3.87530  -1.00915
 -2.03075  -2.85587
  0.60882  -4.64943
 -0.31816  -1.88733
 -0.27946  -1.57038
  1.88385  -7.54127
 -2.56048  -2.36101
  1.43131  -5.65543
  0.96861  -4.27544
  0.36616  -2.39385
 -0.11602  -2.78700
  0.87305  -4.53363
 -1.33714   1.32885
 -3.88680  -4.77135
  0.33686  -3.34958
  1.67751  -0.63051
 -2.55598  -2.16194
  0.63476  -3.35567
 -3.23977  -2.21223
  1.00737  -5.20328
 -1.20081  -2.15481
 -0.43634  -2.08202
  0.90239  -4.95784
  1.36904  -6.75233
  0.74488  -3.31945
 -0.13484  -1.68149
 -6.16411  -7.01087
 -6.61163  -5.19130
 -4.88696  -4.64318
 -0.06551  -1.38670
 -4.23662  -3.53930
 -3.34365  -5.54127
 -4.27649   1.53148
 -2.68667  -2.23633
 -0.12297  -2.20158
  0.31939  -3.56248
 -1.19152  -0.88976
 -0.65233  -2.34770
 -3.99366  -3.92301
  1.31152  -5.29751
 -0.17615  -1.17772
 -5.47264  -0.80918
 -0.23094  -1.12812
  0.74746  -4.61146
  0.20688  -2.86867
 -3.57399   2.53621
 -4.92423   1.02296
  0.24381  -0.55483
 -7.79186  -0.96016
 -2.12853  -4.72363
 -5.79227  -0.07230
 -2.12926  -2.03269
 -2.56280  -2.75741
 -2.82015  -0.63111
  0.53784  -3.20515
 -0.62215  -2.08434
  0.33544  -3.16307
  0.85392  -4.90112
  0.35398  -3.76312
 -3.09449  -2.95207
 -3.44106  -1.14437
  0.85831  -3.95664
 -1.23769  -0.50304
  1.45405  -6.25774
 -6.61164  -0.52318
  0.09922  -1.57461
  0.39175  -3.76659
 -2.20671  -0.92712
 -2.66684  -2.06967
 -1.62486  -2.01969
 -2.51931  -2.99814
  0.53856  -3.98747
 -3.35840  -2.46746
 -2.00489  -1.69139
  0.84985  -4.27144
 -3.70547  -0.48879
 -3.89940  -2.56969
 -2.49800  -2.46528
  0.79428  -4.20528
 -2.99741  -3.09847
 -2.62572  -2.48757
 -5.72418  -0.56337
 -1.86890  -3.22163
 -0.50191   1.31333
 -2.36644  -1.41171
 -4.06617  -1.12096
 -5.26420  -3.15705
 -5.05337   1.34729
  0.48189  -3.00285
 -0.71430  -1.75546
 -2.99132   3.22559
  0.73853   1.27075
 -1.66160  -1.39196
 -1.08131  -2.05009
 -2.56166  -2.12969
 -6.50212   0.59575
 -6.44902  -3.35769
 -4.19144  -1.93405
 -2.34577  -3.08158
 -0.44146  -1.76118
  1.40036  -6.11773
 -4.12056   2.01127
 -0.12245  -1.77270
 -1.88030  -2.04036
  1.12776  -4.69346
  1.32680  -5.78353
 -0.44649  -1.16978
  0.96700  -1.21522
 -1.16997  -1.95125
  0.14765  -3.02446
 -0.58519  -1.52081
  0.98796  -5.47400
  0.21586  -1.23040
  0.65553  -4.75057
 -3.87198  -5.41482
 -3.84416  -5.00020
 -2.53467  -2.69197
 -1.74128  -2.61448
 -4.81814  -2.15495
  0.77254  -4.33834
 -1.75863  -1.82180
 -2.35230  -1.85051
 -5.82101  -3.64606
 -1.99033  -2.22964
  0.80720  -4.67789
 -2.79422  -2.15876
  0.56831  -0.75902
 -1.81733  -2.44827
 -1.68057  -0.82330
  1.67233  -6.62757
 -1.48049  -2.74501
 -1.29681   0.69713
  0.59877  -3.79699
 -3.03503  -1.60244
 -1.31679  -1.20265
 -1.71085  -2.45793
 -2.77810  -1.67431
  0.15601  -1.67695
 -3.62418  -1.76656
 -1.77707  -4.38379
 -1.21919  -1.98086
 -1.96122  -2.22503
 -2.58927  -3.25283
 -0.50304  -0.75809
 -4.53010  -0.01039
  0.90709  -4.61306
 -2.83405  -2.77659
 -0.92640  -0.38554
  0.31395  -4.22615
 -2.29733  -1.73037
 -2.88916  -3.91744
  0.58117  -3.89293
 -3.03701  -1.92319
 -5.61824  -3.18500
 -4.08195  -0.52326
  0.69198  -4.34281
  0.18602  -3.56415
 -4.06247  -3.88249
  0.78117  -4.49016
 -4.91027   2.03146
 -1.76181  -1.79313
 -4.13358  -3.16118
 -1.51754  -2.39531
  1.93766   1.27508
 -1.62010  -1.08331
 -2.13243  -3.02573
 -4.20878  -1.08124
 -3.87375  -3.79708
 -2.03509  -4.94108
 -1.59663  -2.27583
  1.39884  -6.58061
  0.47954  -3.59848
 -0.69195  -1.34989
  1.58435  -6.56568
 -0.05558  -2.05821
 -3.98655  -3.56643
 -0.92380  -0.15083
 -1.85308  -3.75420
 -2.77449  -2.86572
  0.91723  -4.10172
 -4.49919  -2.16587
 -1.20569  -4.78084
 -0.75763  -1.31279
 -3.79909  -0.87515
 -2.75121  -2.71630
 -1.81434  -1.97082
 -2.53482  -1.51894
  0.51342  -3.65628
 -1.13623  -1.76231
  0.44326  -3.84005
  0.48729  -2.85719
 -2.02338   0.96405
 -2.39320  -1.36813
 -0.30749  -1.74119
  2.13911   0.17299
  0.46996  -3.79280
 -1.15584  -1.94608
 -0.62168  -0.98165
  1.07242  -2.70042
 -2.44292  -2.09234
 -1.43238  -2.12898
 -3.64818  -1.70839
 -0.00490  -2.33048
 -1.10769  -2.38815
  1.28785  -5.85629
 -4.51848  -0.61202
 -7.29408  -1.76680
 -5.29196  -0.30237
  0.72912  -3.40066
 -5.20513  -0.18940
  0.94523  -5.68647
 -1.89358  -2.18235
 -1.27710  -1.69039
 -6.03346  -0.74287
  0.83578  -0.52831
 -0.80493  -1.82541
 -3.34270  -2.92303
 -2.24603  -2.96141
 -1.88485  -2.72233
 -3.28443  -2.73716
 -4.97773   1.08514
  0.63964  -4.63209
 -3.75266  -1.10300
 -0.65775  -2.46688
 -1.00086  -1.73632
  0.46507  -4.36813
  1.53840  -5.95949
  0.73610  -4.59242
 -1.87586  -2.01897
  0.49836  -3.75029
 -1.59182  -1.96090
  0.47213  -4.33192
  0.62827  -3.75934
 -4.75495  -2.97823
  1.83231  -7.37869
 -2.81497  -1.98413
 -1.13899  -3.42035
 -1.77094  -1.88488
 -3.54137   1.16209
 -2.89105  -2.95720
 -0.35528  -1.85634
 -3.63295  -2.87619
 -2.11310  -1.77731
  1.51029  -6.08438
 -2.46125  -2.78426
  0.36684  -3.23996
  1.15424  -5.86052
 -0.54847  -0.22473
  0.63881  -3.54714
 -4.81070  -3.42032
 -6.90072  -3.32572
 -0.31021  -1.85536
 -2.18237   1.03346
 -1.94155  -2.53690
 -3.05420  -2.32592
 -5.42331  -3.71362
 -2.61468  -1.71208
 -1.35875  -2.32910
 -2.27683  -3.32617
 -0.15479  -1.94002
 -2.06661  -2.55467
 -0.70313  -2.18415
 -3.57779  -1.91599
  0.14454  -2.40993
 -2.10391  -2.35116
 -2.51336  -1.60789
 -1.81244   2.86971
  0.97370  -4.59103
 -0.06539  -2.00408
 -7.61940  -2.19981
 -1.81240  -0.88626
 -6.51960  -5.71504
  0.12859  -3.32803
 -2.75739  -2.19174
  0.49137  -3.61489
  0.01845  -2.58339
 -0.04902  -2.26915
  0.18981  -2.37958
 -0.03724  -2.55070
 -8.27175   0.14028
 -3.99493   1.40940
  1.09151  -5.52785
  0.34888  -1.12624
 -1.34379   1.18014
 -0.04503  -2.30094
 -2.44680  -0.29641
 -2.86112  -2.82083
 -1.24866  -1.93589
  0.73939  -4.09047
 -2.08839  -1.98536
 -2.35890  -2.15906
 -1.93187  -4.86462
  1.68599  -7.31183
  0.66116  -4.27943
 -1.94593  -2.44029
 -1.64517  -2.50133
 -1.24665  -1.07653
 -2.70962  -2.08712
 -5.10175   2.98791
 -4.46964  -1.48406
 -2.51740  -2.74169
  1.20205  -5.83190
 -1.15987  -1.91913
 -3.30377  -3.00735
  0.71258  -3.78070
 -4.98009  -1.32995
 -3.03805  -2.45292
 -4.47833  -0.46081
 -0.84523  -0.07411
  0.11718  -3.49674
 -2.79166  -2.44362
 -3.19832  -2.59454
 -1.63904  -1.86204
 -2.28790  -1.75795
  0.06412  -3.17640
 -8.80446  -3.26251
 -0.11333  -1.58046
  2.59794  -9.60838
 -3.06421  -2.03125
 -1.68905  -1.67630
 -5.86239  -1.46826
 -0.12915  -2.02702
 -2.24806  -3.93513
 -2.86303  -2.62003
  0.78498  -0.90229
 -0.85235  -2.04604
 -3.11928   0.15694
 -0.03224  -1.92785
 -2.45367  -1.88160
 -0.03366  -2.66338
 -4.71032  -3.06948
 -2.98237  -0.36556
  1.12506  -2.83015
 -0.72870  -0.54660
 -0.97929  -1.52856
 -2.62676  -3.20943
 -0.61887  -1.47830
 -2.44808  -5.82320
  0.01926  -2.18301
  0.52704  -4.38805
 -3.75381  -3.20249
 -0.95207  -1.73838
  0.92362  -4.94518
 -0.11908  -2.47600
 -1.14800  -1.61832
  0.06134  -2.27200
  1.51278  -6.89393
 -3.27273  -0.68919
  0.24598  -1.80806
  0.50175  -3.24099
 -0.32968  -1.10595
  1.11022  -5.33629
 -2.77752  -1.88893
 -0.29417  -1.94434
 -2.33919  -2.77094
 -4.64546  -3.50220
 -3.53387  -2.66092
 -2.56035  -3.42267
 -3.55962   1.81875
 -1.01300  -1.15880
  0.67047  -4.60090
 -1.77874  -2.00694
  0.83298  -5.03380
 -1.81302  -2.42078
 -1.92160  -1.96331
 -3.36271  -2.79928
 -1.46425  -2.83538
  0.45849  -3.60153
 -4.55668  -3.31382
 -0.68076  -1.50591
  1.30675  -6.51311
 -3.93447   2.02941
 -3.98182  -0.02705
 -6.21533  -3.79015
 -1.34427  -1.94948
  0.45881  -3.82869
 -0.01472  -2.30506
  0.98193  -4.55224
 -3.78628  -3.05697
 -0.29281  -1.76271
 -2.33451  -1.59534
 -1.58484   4.41257
  0.95418  -4.56287
 -0.60971  -0.52891
  0.43060  -3.27194
 -0.59267  -1.04169
  0.93994  -4.93214
 -4.02401  -1.15304
  0.40761  -3.74389
  0.32674  -3.16744
 -1.23796  -2.08203
 -0.67279  -1.79815
  0.26580  -3.58190
 -3.21903  -2.67264
  0.96270  -4.51728
 -1.46877  -1.53371
  1.12976  -5.69083
 -5.98731   1.81541
 -1.99034   0.94891
 -1.97109  -1.62730
 -2.98213   3.32782
  0.08273  -2.50429
 -5.49777  -0.04068
 -4.77241   1.31837
  0.10073  -3.12623
  0.62830  -4.27754
 -0.69389  -1.80549
  0.03526  -0.76603
  0.33837  -3.89240
 -5.21761  -4.59502
  0.35946  -3.50253
 -1.96235  -1.70739
  1.67129  -6.35267
  0.53105  -3.88681
 -4.51381  -3.32796
 -4.60916  -4.17604
 -3.72587  -2.05028
 -2.63508  -2.48112
 -2.19090  -1.03310
 -2.07116  -3.72980
  0.50192  -3.40855
  0.63962  -4.28456
 -3.50544  -2.09873
 -0.45782  -2.23633
 -1.00631  -1.40548
 -2.25208   0.35640
  0.14471  -2.28754
  1.74142  -6.99769
 -1.31791   1.58146
 -2.56444  -1.85167
 -1.28752  -1.23002
 -4.28868  -1.82702
 -1.62814  -5.42333
  0.68258  -3.75565
  1.12150  -5.55873
 -2.64426  -3.09693
 -2.88575  -2.82394
  1.02820  -5.21263
 -0.04041  -1.56545
 -1.98090  -0.93006
 -5.98571  -4.24422
 -2.06805  -4.07272
 -5.68320  -6.95278
  0.62400  -3.83731
 -1.51164  -0.04109
  0.14958  -1.17017
 -6.73723  -1.18318
 -3.11545  -2.14479
 -1.81410  -2.72279
  0.78222  -4.26584
 -3.03763  -1.68212
 -0.92110  -1.83365
  0.16149  -2.52044
  0.77879   1.82630
  0.55569  -4.50579
 -1.48194  -1.64801
 -3.06855  -0.25785
  1.13522  -6.17181
 -5.02262  -6.19307
 -0.70190  -0.84207
  0.49253  -1.35294
 -2.56325  -2.22300
 -4.04243  -1.37434
  0.05964  -2.51236
 -2.26290  -1.64067
  0.42111  -3.14400
  0.49029  -3.83024
 -6.28484  -1.72031
 -1.22405  -1.39247
  1.67252  -1.68579
 -3.24292  -2.32229
 -1.21898  -1.87064
 -5.12213  -2.42132
 -1.47147   1.77052
 -2.20686  -2.19361
 -1.51682  -1.05596
 -2.84176  -2.55320
  0.45353  -3.38367
 -2.77044  -2.47746
  0.24750  -2.40133
  1.57262  -5.98357
 -1.94155  -2.17431
 -0.21814  -1.82160
  1.33567  -5.57293
 -6.90494  -6.21580
 -0.27169  -1.41940
  0.16299  -2.86619
 -4.93229  -3.25018
  1.62988  -6.42493
  0.10203  -1.78201
 -2.69422  -3.59746
  1.49199  -5.86114
 -0.34925  -0.61931
 -0.09060  -2.44563
  1.25387  -5.51587
 -4.09972   2.09853
  0.04692  -2.34654
  1.85012  -7.94160
  0.72995  -3.64483
 -5.12265  -0.57121
 -0.00568  -0.54615
 -3.47342  -2.80204
 -1.51613  -3.77445
 -0.00850  -2.52899
 -1.35393   1.63137
 -4.33822  -5.54388
 -2.32445  -3.15683
  0.55602  -3.48290
 -1.50631  -3.29809
 -1.65457  -2.26969
 -1.79551  -0.69317
  0.47239  -3.94184
 -1.45538  -0.52697
 -2.14692  -1.86974
 -4.03666  -2.95980
 -0.05573  -1.19563
  1.00662  -5.00471
 -1.94294  -2.82669
  1.57295  -6.33361
 -3.84797  -0.42675
 -1.97256  -2.34346
 -1.77822  -2.10465
  1.05440  -5.16945
 -1.78989  -2.11032
 -5.41083  -1.86481
 -2.33812  -2.63391
  0.52932  -3.98908
  0.93374  -4.99060
 -2.50610  -1.93477
 -2.52491  -2.14601
 -2.98076  -0.22746
 -0.38804  -1.17385
 -3.14201   0.88338
 -0.69363  -1.59905
 -0.90720  -1.56529
 -1.25328  -5.06471
 -3.10642  -3.17356
 -1.67593  -1.83012
  1.40687  -5.90200
 -5.61836  -2.06006
  0.55781  -3.63701
 -0.81427  -0.79614
 -3.29542  -4.09923
  1.26825  -5.96485
 -2.08625  -0.10204
  1.08787  -4.40440
 -1.65051  -2.08614
 -2.23695  -2.26657
  0.27569   2.21412
  0.35650  -1.66546
  0.99965  -4.56680
 -3.36680  -2.69106
 -0.93302  -1.46931
 -4.36250   0.62947
 -5.16563  -3.50895
  1.07649  -5.22441
 -5.10387   0.69916
 -1.97540  -3.16376
  0.13025  -2.50581
 -3.61382  -2.26235
 -1.53252  -2.22985
  0.77870  -3.79510
 -5.15714  -1.87028
  0.27104  -3.10119
  0.72519  -4.20846
 -3.05039  -2.91806
 -3.45985  -2.45239
 -1.18044  -1.00392
 -2.46908  -2.64201
 -1.05759   0.55664
 -0.50825  -1.53815
 -1.90626  -1.72840
 -9.26998  -3.47439
 -0.13993  -0.92913
  1.12764  -5.32833
 -5.99056   2.41345
 -3.72605  -2.93384
  0.56715  -4.19259
  0.50700  -3.43387
 -6.68521  -3.06258
  1.05274  -5.36289
 -0.90612  -2.56072
 -3.19092  -3.16017
  1.26942  -5.81901
 -1.14735  -2.78385
 -2.69297  -2.54564
 -3.31448  -2.65631
 -4.94011  -1.87921
  0.73324  -5.07214
 -1.62968  -5.76948
 -0.07809  -2.27463
 -2.48976  -2.46135
 -2.37902  -3.87836
  0.97376  -4.91522
  0.60209  -2.95876
 -2.73437  -2.74073
  0.89472  -4.67071
 -3.04374  -1.96170
 -5.42484  -0.01948
 -6.21562  -4.09203
  0.44665  -3.24735
 -4.54288   1.85429
  0.24502  -3.23484
  1.31023  -6.50291
 -0.91564   0.25355
 -5.02529  -1.48829
 -4.72765  -1.05383
  1.12686  -5.59569
  1.17175  -4.96969
  0.41680  -4.26401
 -5.06815  -5.11848
  0.06878  -2.64617
 -0.59540  -1.58500
  1.17047  -5.56164
  1.33279  -6.67228
  0.38110  -3.16530
  0.91304  -4.65970
 -6.06082  -0.03813
 -1.17628  -1.65127
 -7.92791  -0.52685
  0.70246  -4.17779
 -2.92499  -4.70819
 -1.33687  -2.15862
 -4.97738   0.62040
  0.87290   0.37850
 -2.81965  -1.73579
  0.23943  -3.42701
  1.14798  -5.87366
 -0.47293  -1.73436
 -5.12848  -1.05473
  0.50632  -3.05734
  0.76267  -4.53098
 -2.24623  -1.84017
 -3.82926  -3.46700
 -1.50706  -1.99701
 -1.21084  -2.36268
 -1.86629  -2.05084
 -5.58283  -1.41820
  0.10645  -2.46675
  0.75278  -4.27288
 -1.00160  -1.03653
 -2.17305  -2.49163
  0.62200  -4.42771
 -6.55440  -2.96265
 -1.17887  -0.60488
 -6.67515  -7.63293
 -1.74240  -0.82028
  0.04965  -2.17588
 -0.98012  -2.32051
  0.97042  -5.35294
 -2.22764  -1.48394
 -3.63975  -0.06725
 -1.70591   0.46893
 -2.92152  -1.22827
 -0.17893  -2.96516
  0.70610  -4.62918
 -2.33065  -2.34124
 -0.84933  -2.58404
 -1.93832  -2.06712
 -2.91316  -3.09811
  0.02424  -1.78568
 -6.84994  -3.60844
 -2.11731  -2.11206
 -0.84989  -1.58132
 -2.39711  -1.77208
 -2.15158   1.17545
 -2.13606  -1.87960
 -2.06645  -3.58700
 -2.53006  -3.14108
 -1.75541  -2.06130
 -3.06056   1.22551
 -3.07571  -2.43703
 -0.74610  -1.41479
  0.53329  -4.17699
 -2.99955  -1.99363
  0.80833  -4.38553
 -3.62888   2.60410
 -1.50152  -1.51057
 -1.01470   0.19407
  0.30859  -2.89118
 -0.00939  -1.91086
 -4.03684   2.32886
 -1.96738  -1.89716
 -2.26520  -1.56328
 -5.21251   0.91642
 -1.07974  -2.85531
  1.03574  -5.11997
 -3.99144  -2.70961
  0.37864  -2.62178
 -1.28709  -1.78746
 -2.92569  -4.29458
 -0.11654  -1.76087
  0.29422  -2.75167
 -0.85463   0.02290
  0.92014  -4.73418
  0.51188  -3.71677
 -0.67717  -0.83705
 -6.09305   0.03869
 -1.57678  -2.16853
 -0.86099  -2.61916
 -7.51808   3.13410
  0.52686  -3.61692
  0.28276  -3.54246
 -1.88038  -0.99817
 -2.19017  -1.75588
 -6.41444  -0.52412
 -7.84258  -2.65834
 -6.34412  -0.12487
  1.21374  -5.89616
 -1.04793  -1.57266
 -2.20562  -1.24343
 -3.95129  -4.92464
 -4.46919  -1.76459
  1.03109  -5.50775
  0.59029  -4.40677
 -1.54627  -0.64084
 -0.82980  -1.81903
 -0.10146  -1.85745
  1.54640  -6.23458
  0.95527  -4.81267
 -0.95580  -2.00569
 -0.83534   0.33146
 -1.44210  -0.77538
 -2.58291  -2.10973
 -2.74559  -2.07584
 -2.52728  -0.88115
  0.06565  -2.17706
 -1.37631  -2.01409
 -0.90344  -2.33831
  0.44269  -3.34430
 -0.18838  -2.17055
 -1.64509   1.08648
 -1.66869  -6.56538
  0.17953  -3.09975
 -3.60049  -2.94144
 -2.45619  -3.13373
 -5.85270  -1.47353
 -2.11408  -1.60221
 -1.57440   0.94999
  2.52353  -5.90374
 -1.13887  -1.57595
 -0.80945  -1.18601
  0.52993  -3.61634
  0.64533  -4.48560
 -2.98112  -2.04624
 -3.74582  -3.41250
  1.40166  -6.19372
 -1.64570   1.11214
 -1.00016  -0.74840
 -0.62101  -1.23499
 -1.75944  -2.07318
 -4.88830  -1.52552
  0.83201  -5.26250
  0.13708  -1.65710
 -2.92748  -3.10731
 -2.75928  -2.21255
 -1.79933  -1.81497
 -0.87477   0.16832
 -1.77910  -2.04627
 -3.74829   0.25501
 -6.29956  -1.25129
 -3.14595  -2.29477
  0.07301  -2.98997
 -1.09142  -1.86523
 -8.20826  -1.51990
 -6.55051  -0.50619
  0.37929  -4.15278
 -2.26039  -1.75753
 -1.68876  -2.36758
 -0.73727  -1.73958
  0.43328  -3.63377
 -6.23209   3.53747
 -0.14901  -1.04991
 -3.22871  -2.51568
 -3.82287  -0.45592
 -1.27088  -0.68468
 -1.24598  -1.82017
 -1.58906  -1.08101
 -0.31577  -2.42758
  0.68843  -3.67591
 -1.68832  -1.13217
 -1.35811  -1.83160
 -2.86800  -2.70144
 -2.81278  -2.54801
  1.03616  -6.01653
  0.73687  -4.57766
 -2.31177  -2.34529
 -0.74017  -1.35021
  0.91288  -4.34133
 -2.42324  -1.59355
 -1.30434   0.53705
 -5.00410  -0.47136
 -4.17194  -3.02383
  0.18742  -2.64156
 -2.82797  -0.43408
  0.59525  -4.27280
 -0.75137  -0.08120
 -6.20245  -3.93351
  0.45854  -3.61611
 -2.46373  -2.23815
  0.03700  -1.74068
 -5.98450   1.84435
  0.68274  -4.36098
 -3.04168  -2.05041
 -4.79433  -3.67030
 -1.01446  -1.43789
 -0.67638  -1.54643
  1.45735  -6.40611
 -2.46212  -2.47075
 -2.22152  -1.89916
 -2.01686  -0.83074
 -6.30865   1.71283
 -0.02795  -1.62939
 -1.85935  -2.10142
 -1.04516  -4.28356
 -5.66943  -6.26776
  0.90300  -4.16635
 -1.50284  -1.86950
  0.60373  -7.13353
 -3.33450  -5.35018
 -3.28338  -3.22758
 -2.63162  -0.07348
  0.44023  -3.62153
 -0.39595  -2.04052
 -0.04237  -2.20187
  0.85680  -4.44998
 -0.92074  -1.86871
 -4.90870  -3.60105
 -2.97194  -1.33983
 -3.50645  -0.69891
 -1.55484  -1.17319
 -1.67694  -0.98872
 -3.75410   1.26251
  0.58042  -3.60283
 -0.70770  -0.76386
 -3.66982  -2.15727
 -0.07108  -1.72456
 -2.18537  -1.97365
 -1.33151  -1.84250
 -4.34875   1.02179
  0.90663  -4.34221
 -0.03192   3.82797
  0.71022  -4.91507
  1.79666  -7.09817
 -1.02200  -1.31201
 -3.29453  -0.05621
 -2.75483  -1.25838
 -2.41431  -2.01977
  0.98333  -5.06729
  1.18824  -4.93293
  0.95704  -4.30479
 -2.60186  -0.35999
 -3.50290  -2.41246
  1.41539  -6.03918
  0.74794  -3.76608
 -1.82064  -2.29261
 -2.75310  -2.71875
 -3.98088  -3.48013
  0.96153  -4.59892
 -3.15778  -2.39820
  0.92525  -4.91121
 -1.34035  -1.87232
 -1.81510  -2.40786
 -4.94051  -3.50790
 -5.37482  -5.56336
 -1.01908  -0.24117
  1.05985  -5.61584
  0.68313  -3.52301
  0.38222  -3.07428
  0.02557  -2.49789
 -2.00923  -2.22278
 -1.75968  -1.44911
 -2.79743  -1.24919
 -1.71464  -2.43504
  1.25669  -5.77401
 -3.06308   0.49207
 -2.98505  -2.15760
 -1.50733  -0.53257
 -1.61873  -2.34801
 -2.75375  -1.83197
 -0.54656  -0.94206
  1.12559  -4.97195
 -0.68679  -1.39820
 -1.97078  -2.00667
  0.52932  -4.28018
 -2.46117  -3.16281
 -1.46942  -2.07970
 -2.02989  -2.89723
 -4.81434  -3.27840
  0.37897  -3.33464
  0.36330  -3.64877
  1.58299  -6.55344
 -1.58735  -2.32811
 -0.53692  -1.79998
 -2.69869  -2.33469
 -0.19010  -0.98339
 -0.93435  -1.77248
  0.71671  -5.23314
 -1.56671  -1.58190
 -3.63994  -0.02866
 -2.20333  -1.70349
 -1.89357  -1.73783
  0.85569   1.98911
  0.75352  -4.83665
 -4.44920  -1.74106
 -4.31197   1.63481
 -4.94821  -2.43711
 -4.10332  -0.88832
  1.47727  -6.57252
 -1.40209  -3.86225
 -1.80798  -1.66307
 -2.02720  -1.79478
 -3.23223  -4.25354
 -4.24669  -0.10455
 -0.30823  -2.10196
 -3.98569   1.17995
  0.20767  -3.25689
  0.46583  -4.28056
 -1.28714  -1.60745
 -1.56375  -1.49328
 -6.06927  -0.17767
 -5.91715   3.85191
 -2.77738  -2.98258
 -1.95045  -2.20341
 -5.66248   2.33354
  1.37022  -5.96648
 -3.08377  -2.38465
  0.53036  -3.40076
 -3.81246  -0.68701
 -1.34139  -1.65003
 -1.00917  -1.23878
 -4.91499  -0.74925
  1.20306  -4.51933
 -0.10496  -1.60352
 -3.34967  -2.21744
  1.60136  -6.70003
 -1.07452  -1.72583
  0.29750  -3.05475
 -3.17727  -1.05062
 -0.08602  -2.56519
  0.56327  -1.19327
 -4.45511   1.70574
 -0.85484  -1.01021
  0.98060  -4.41119
  0.49106  -3.71555
 -0.86070  -1.83173
  1.30314  -5.92421
  0.16351  -2.82792
  0.29168  -3.00468
 -0.88887  -2.31412
 -1.62398  -1.49095
 -2.98776  -2.73750
 -1.94597  -1.96493
  0.31727  -3.49895
  1.82557  -6.98213
  1.92895  -7.48425
 -1.05848   0.21439
 -1.54229  -1.78186
 -5.25412  -5.13990
 -3.23874  -1.36655
 -4.15696  -1.25556
  0.65145   1.15378
  0.13843  -3.43878
 -2.31267  -1.26590
 -4.40064   2.13294
  0.17307  -1.05302
  0.47935  -3.71800
 -1.75505  -2.26293
  1.26767  -5.76132
 -1.26571  -2.30270
  1.53396  -6.42358
 -1.41525  -2.27921
 -3.50995   1.88502
 -0.79179  -1.12114
 -4.46924  -2.13064
 -3.46920  -2.79473
 -5.42718   0.14836
  0.89673  -5.31365
  0.03124  -2.90916
 -2.50482  -3.14153
 -1.38528  -1.52612
  1.13562  -5.07487
  1.42254  -6.00683
  0.39998  -3.49589
 -5.82245  -1.22574
  0.92078  -4.81609
 -0.29335   0.11300
 -5.08775  -1.20077
 -2.51741  -2.70079
  0.13319  -3.64791
 -7.40751  -1.77348
  1.23220  -5.69257
 -4.84360   2.48283
 -2.05645  -2.57280
 -1.46610   1.50121
 -4.94704  -6.16229
  0.54190  -4.38731
 -2.03113  -2.05621
 -0.75629  -1.28188
  0.71315  -4.02787
  0.11750  -2.30152
 -1.30901  -2.01179
 -7.99780   1.01122
 -3.17270  -1.93880
 -0.76292  -0.98771
 -0.91392  -1.42798
  1.06462  -4.69061
  0.55830  -3.95362
 -2.10777  -1.13739
 -1.85292  -2.06429
 -3.74139  -3.52580
  0.57732  -4.02389
 -0.10025  -2.35054
 -1.43078  -2.80984
  0.37448  -0.73030
  0.01762  -2.50818
 -1.60319  -1.53297
  0.08083  -2.94839
 -1.18600  -0.54019
 -0.41220  -1.62148
 -0.31562  -2.27759
 -2.60919  -2.68811
 -0.68543  -0.77458
  1.40578  -5.36439
 -3.05789  -0.78735
 -1.40219  -1.76064
  0.12759  -1.99010
  0.85807  -4.51159
  1.20790  -5.52824
 -1.48537   0.14568
 -0.93520   0.05832
  1.81095  -7.53042
 -0.32211  -1.61699
 -3.40116  -1.61773
  0.83516  -4.52621
 -2.52223  -1.88965
 -2.07660   0.74294
 -5.08235   0.68929
  0.70669  -2.89028
 -1.95159  -2.84014
 -3.18689  -5.96196
  0.72502  -3.93897
  1.33788  -5.64936
  0.23894  -3.03416
  0.76332  -4.48532
 -1.89607  -2.21039
  0.23505  -2.55610
 -1.96447  -2.00579
  0.40045  -3.38135
 -0.82530  -2.05746
 -4.24320  -3.92392
 -1.44069  -2.62159
  1.35544  -4.54335
 -2.40598  -2.00286
 -4.53973  -3.54753
 -0.04660  -2.60648
 -0.93175  -2.41746
 -0.85339  -1.44267
 -2.22076  -2.75663
  1.25302  -5.92027
 -3.11100  -1.62808
  0.36816  -3.46497
 -3.07344  -2.45165
 -2.88772  -1.98843
 -3.19219  -1.37773
 -0.89827  -1.96061
  0.84640  -0.95436
 -2.54834  -1.91747
 -3.28167  -1.46274
 -0.10143  -1.06161
 -0.15372  -1.46453
 -1.45071  -2.29609
 -2.27652  -1.85277
 -4.46162  -2.81224
 -7.01963  -0.08913
 -3.57377  -3.40675
 -4.47238   0.80926
 -1.26393  -1.65887
  0.90452  -5.08377
  1.41036  -5.74588
  0.55235  -4.05074
 -0.86321  -2.40555
  1.35293  -6.23796
 -2.27573  -2.13215
 -5.41073  -1.76047
 -1.46467  -2.26151
 -1.01656  -1.71654
  0.88202  -4.88435
  0.33165  -3.53931
 -5.42145  -2.66957
  1.29316  -5.98656
 -2.02986  -2.10056
 -0.02483  -2.07489
  0.82617  -4.66418
  0.31125  -3.35849
  1.05293  -5.90545
 -2.68906  -2.07992
  1.08662  -4.77148
 -3.56680  -1.78185
 -1.35817  -1.37715
  0.69732  -4.08310
 -1.03509  -1.44957
  1.07177  -5.72413
  0.82774  -0.99006
 -3.13461  -1.93996
 -1.77594  -0.96432
 -3.90972  -2.26629
 -6.71668   1.27844
 -3.06028  -2.24352
  1.43750  -5.97240
 -2.94546  -2.92495
  1.17747  -5.70132
 -1.97726  -3.10342
 -3.36182  -3.01557
 -1.94388  -2.09483
  0.68903  -3.89382
 -5.65658  -2.67540
 -2.10459  -1.42868
 -4.00758  -2.65938
 -1.31450  -1.79495
 -0.30847  -1.81182
  0.49465  -3.69471
 -1.40807  -1.51260
 -4.39469  -1.52652
  0.20778  -2.94771
 -3.87479   0.86523
 -2.24404  -2.16938
 -2.42537  -2.19968
 -0.20748  -2.05863
 -6.02834  -1.06135
 -2.63839  -3.49951
 -2.17043  -2.08487
 -4.08636  -2.86898
 -0.36392  -1.06523
 -3.09298  -2.18464
 -2.16634  -2.39341
  0.21278  -3.04290
  1.54211  -6.19622
  0.21593  -3.37471
 -2.96375  -3.04556
 -1.02063  -1.97756
 -4.35932  -2.46777
 -0.92522   0.08359
 -0.92926  -1.39275
 -5.83125   1.75003
  1.54555  -6.73149
 -2.72989  -2.10907
  1.32438  -6.56008
  0.08783  -2.23498
  0.07470  -3.23759
  1.53733  -6.52006
  0.22004  -0.95817
 -2.47020  -1.59246
  1.81922  -7.30690
 -0.10169   1.18993
  0.44871  -2.60121
  0.57744  -4.33374
 -4.03525   0.78538
  1.32598  -5.30219
 -2.23809  -0.99270
 -3.53997  -5.39924
 -5.74203  -2.12558
 -3.89713  -2.24393
 -2.68363  -1.55921
 -3.71363   3.97371
 -5.51912  -3.91078
 -6.47222  -3.02250
  0.58301  -3.74166
 -1.95702  -6.07821
 -5.90389  -2.77318
 -2.58474  -2.34452
 -2.03801  -1.47749
 -1.21094  -0.07599
  0.49670  -2.97438
 -3.71088  -3.48809
 -3.61797  -3.07595
 -2.30871  -1.91945
 -0.72357   0.58751
  0.76945  -4.18391
  0.08801  -3.00963
 -0.70973   1.87337
  0.83777   0.14297
 -2.52922  -5.76017
 -6.65782   1.59126
  0.87212  -4.39703
 -3.01833  -2.19541
 -0.29578  -2.57237
 -3.97165  -3.10100
  0.88009  -5.15657
 -2.09548  -2.83735
 -0.00681  -3.02745
  0.71766  -4.78549
 -2.20382  -0.93966
 -2.01614   0.54138
 -0.63512  -0.74269
 -0.59217  -1.82685
 -0.04581  -2.03273
  0.11286  -1.74653
 -2.64024  -1.40039
 -1.58274  -1.20876
 -3.51182  -1.96096
 -1.38430  -1.99729
 -1.57152  -2.47923
  0.46581  -3.14577
  0.68668  -3.55588
  0.67695  -4.20231
  0.70952  -3.68565
 -4.23583  -2.13576
 -6.52006   4.09935
  0.27374  -3.17147
  0.62286   3.08253
  0.53569  -1.20102
 -1.03679  -2.37541
 -2.09417  -2.80718
  1.01538  -5.54713
 -1.08501   0.29454
  0.84307  -4.57755
 -0.09017  -1.84451
 -3.92285   0.39911
  0.25056  -0.82287
 -5.42366   4.89641
 -2.19843  -2.34943
 -5.85694   1.99114
 -2.61402  -3.82883
 -0.11725  -0.04565
  0.44160  -3.58956
  1.67531  -6.45220
 -3.27739  -2.84710
 -5.28765  -3.10735
 -2.69388  -4.96649
 -4.46324  -3.68176
  1.05139  -4.61249
 -2.47669  -2.61666
  0.47803  -3.91468
  0.63850  -4.14446
  0.11450  -0.86435
 -5.01568  -2.92313
 -2.51169  -3.11765
 -2.26695  -2.42269
 -2.73081   2.06806
 -2.27940  -1.37600
 -1.81184  -3.13245
 -0.53250  -1.40418
 -0.57084  -1.19812
 -0.10853  -2.51733
 -1.63497  -1.05934
 -1.26020  -1.73025
 -4.12347  -3.77974
 -2.72962  -1.92008
 -3.74939  -3.43851
 -3.29646  -1.29894
 -5.71768  -1.40311
  1.22619  -5.04114
 -1.60332  -2.48636
 -1.93303  -0.54923
  0.83047  -3.89462
 -2.61614  -2.23753
 -1.49628  -1.51375
  0.99928  -4.52531
 -1.97092  -1.88126
  1.11289  -5.49150
 -4.30175  -7.47807
 -3.17168  -1.25557
  1.27105  -6.62736
  0.47462  -3.52594
 -1.47290  -1.21338
 -1.60187  -1.81873
 -4.62266  -2.86647
  0.10474  -3.32755
 -2.82381  -2.15513
 -0.33066  -2.77711
 -1.88060  -2.39197
 -1.61875  -1.74531
 -6.68375  -2.84431
  0.01020  -2.46469
  0.80263  -4.76382
  0.73328  -4.43905
 -5.16883  -1.78291
 -2.26308  -2.59845
 -7.33315  -4.77844
  1.36801  -5.84029
 -0.95939  -1.12246
  0.77777  -3.69419
 -6.48966  -4.73570
 -4.15872  -2.85210
 -3.18074  -2.58749
  0.95643  -4.85197
 -1.39183  -1.66250
 -1.10008  -1.84205
 -1.08826  -1.74700
 -1.64462  -1.75931
 -2.60084  -1.70296
 -1.51028  -1.04303
  0.99688  -4.65925
  0.70799  -3.95196
 -3.99693  -3.59773
 -0.53114  -0.84791
  1.69675  -6.83816
 -4.40986  -0.50279
  0.14980  -3.11823
 -0.41032  -1.71427
  0.56765  -3.59570
 -3.00464  -5.10794
  1.12843  -5.85791
 -2.50636  -1.67940
 -3.87560   0.66136
 -0.03595  -1.24278
 -5.14115   0.21504
  1.10771  -5.16799
 -4.86013   1.23494
 -2.96304  -2.95789
  0.56120  -3.60521
 -2.63669  -2.26466
 -1.89228   0.10637
 -0.19656  -0.09364
 -1.09526  -1.65471
  0.32082  -3.73255
  0.31430  -4.16408
 -3.75528  -0.24746
 -3.62603  -1.61998
  0.54396  -3.91677
 -0.14998  -2.53637
 -3.34476  -2.04780
 -4.96896   3.69619
  1.31514  -5.59369
 -3.03531  -1.84588
  0.97107  -5.35770
 -0.91507  -0.03599
  1.07012  -5.14974
 -0.16602  -2.10068
 -3.52662  -5.52010
  0.61648  -4.58509
  1.25712  -5.62060
  0.38322  -3.73905
  0.73870  -4.23106
 -1.82840  -2.82727
 -5.83630  -2.83260
 -2.22335  -3.56086
 -0.82034  -2.56991
 -2.63644  -2.22753
 -0.69645  -0.48806
 -0.18551  -0.66195
 -1.00916  -2.89576
 -2.85268  -0.11098
  0.40930  -3.31189
  1.33996  -5.50127
 -0.53505  -1.84110
 -2.51437  -2.27571
 -0.97253  -1.85221
 -6.16578   1.56660
 -0.10591  -1.95948
 -4.41488  -2.65331
 -1.80376  -1.20349
 -5.00666  -2.33261
 -6.03260   0.13687
  0.09085  -2.96111
 -4.12548  -4.75907
 -5.61467  -2.84630
 -0.02240  -2.10274
  1.80476  -6.94454
 -2.21628  -4.89218
  0.88624  -5.00085
 -3.89832  -2.44299
 -3.62332  -4.90180
 -2.44166  -2.43062
 -0.63384  -1.03854
 -4.74244  -1.24177
 -6.35345  -0.46864
  0.96882  -5.51770
 -1.16124  -1.59492
  0.54029  -0.66294
 -2.91201  -1.36465
  1.45917  -5.90964
 -4.29724   0.98349
 -0.36401  -1.44913
  1.02855  -5.00800
  1.37918  -6.23362
 -3.80963   0.98866
 -1.81875  -1.27484
 -2.32665  -1.47519
  0.42967  -4.27172
 -8.05675  -0.37387
  0.53972  -4.48775
 -5.01977   0.30425
  0.56152  -3.42123
  1.72860  -7.14741
 -1.19090  -2.03339
  1.07590  -5.30838
  0.63323  -4.31846
 -0.21129  -2.27981
  1.87779  -7.24681
 -2.75356  -3.41605
 -3.05900  -3.52909
 -1.28419  -1.88453
  1.16006  -6.03578
 -8.18373  -2.98780
  0.52406  -3.85658
 -2.39712  -4.71039
 -3.25744  -3.64811
  0.56649  -3.92114
  0.66422  -3.73441
 -6.98088  -3.98803
 -5.89559   1.54225
  0.08833  -2.55685
  0.15471  -1.87990
 -4.77892  -2.59270
 -0.36511  -1.41694
  1.07210  -4.75818
 -3.28047  -1.60222
  0.32115  -3.74223
 -2.95433  -5.65772
 -2.62422  -2.31727
 -1.87853  -1.20884
  1.15985  -6.16509
 -6.30985   1.47043
  0.47747  -4.04958
 -4.80197  -0.89726
 -4.16597  -1.70271
 -0.26023  -1.79523
 -2.55897  -2.52067
  1.06046  -5.51871
 -0.09033   0.58146
 -5.37727  -3.83777
 -3.76875   0.66752
 -5.89012  -3.18096
 -4.73884   0.54151
  1.03400  -5.15273
  0.01420  -2.43770
 -3.73869  -1.55590
  0.54084  -4.20505
  0.50423  -3.57881
 -2.86139  -2.87469
 -2.38690  -2.05368
 -0.64657  -1.61138
 -1.47536  -1.12803
  0.71327  -4.25124
 -0.11123  -2.54141
  0.09366  -2.59727
  0.46823  -3.54159
 -4.19136  -2.08595
 -4.11007  -0.79359
  0.32508  -3.13676
  0.07995  -2.72909
  0.40152  -0.70204
 -1.98101  -2.43217
  1.18489  -5.55565
  0.27764  -3.34171
 -0.35138  -1.90080
  0.08814  -2.70234
 -5.11836  -2.99997
 -3.34128   0.73365
 -0.59144  -0.69385
  0.45781  -3.25701
 -3.05835   2.29850
  0.21417  -1.72461
 -6.12179   0.27176
 -1.88947  -2.39237
 -2.96445  -2.43745
  0.57610  -3.90065
 -3.73182   1.01013
 -4.93836  -1.21458
 -0.01611  -1.86729
 -3.76092  -0.37667
 -2.21237  -2.53843
  0.25639  -3.53265
 -0.92611  -2.22004
  0.14389  -1.59010
  0.11872  -3.19144
 -3.49181  -5.72375
 -2.36960  -1.99700
 -4.46407  -4.65508
 -3.68773   0.62290
 -6.49938  -6.85351
 -1.64095  -2.89062
 -4.34693  -2.86632
  0.67756  -4.44812
 -3.30400  -2.01973
  1.38563  -5.25979
 -1.90167  -1.33217
 -5.01033  -2.58785
  1.56444  -6.12419
 -1.65489  -2.86006
  0.42795  -1.99906
 -1.24361  -1.82828
 -5.95284  -0.33018
  0.37241  -3.14797
 -3.58128  -0.28101
  0.48759  -3.68129
  1.66564  -7.09562
 -4.98815   1.65549
 -0.75431  -2.16917
 -0.58433  -0.21260
 -2.29176  -2.08507
  1.11128  -4.65382
 -0.76921  -3.80488
  0.00144  -2.49525
 -4.46011  -0.29332
  1.30537  -6.04259
  0.88888  -4.05613
  0.63335  -4.19292
 -4.71217 -10.39413
  0.22578  -2.74172
 -2.55485  -2.16387
 -4.74486  -0.59267
 -5.81287   0.60962
 -1.03543  -0.98233
  0.99379  -5.15266
 -2.80716  -0.03152
 -1.17129  -1.40397
 -1.27137  -0.88633
 -1.85148  -2.61839
  1.53487  -5.90639
 -0.60821  -1.24672
  0.00038  -1.11592
 -5.48261  -3.88699
  0.25516  -2.85743
  1.08485  -5.22279
  1.21680  -5.64289
 -1.62036  -1.81412
  0.83706  -4.49372
  0.46497  -4.45312
 -5.33882  -1.38728
 -2.51478  -1.70239
 -0.30615  -1.88785
 -0.53442  -1.27736
 -2.26668  -1.40861
 -0.98374  -1.61380
  0.86227   2.54123
 -3.41601  -2.71736
 -0.17751  -1.00951
  0.31619  -3.41525
  0.82319  -4.51546
 -0.44047  -1.11339
  0.20561  -3.27504
 -2.42823  -3.11819
 -3.38960  -3.20456
  0.85896  -5.25330
 -2.23339  -1.63574
 -2.59008  -2.62672
 -4.04731  -1.99716
 -1.72312  -2.30258
 -3.30685  -2.21262
  0.53049  -3.73887
  1.07047  -4.74183
 -2.67189  -2.62980
 -4.59211  -0.62735
  0.14261  -3.05261
  0.46873  -5.74790
 -4.06780   0.00135
 -3.40638  -3.25042
 -3.68375  -2.74998
 -5.63165  -4.37121
 -2.94490  -4.03065
 -0.67099  -1.41302
  0.48292  -0.83448
 -4.01361  -4.63313
 -1.51559  -0.79552
  0.70359  -3.41580
  0.40088  -3.94116
 -0.34887  -1.45318
  0.85557  -4.38097
 -3.47717  -2.30976
 -1.43254  -1.73759
  0.22264  -4.53822
 -1.44421  -0.41179
 -0.73178  -2.64699
 -1.61344  -1.46891
  0.87894  -4.61060
 -2.52589  -2.13098
 -2.06991   1.20614
 -4.86944   1.67273
 -2.39149  -2.62076
  0.74121  -4.55516
 -0.03937   3.32556
 -2.23374  -2.54308
 -3.46491  -2.76824
 -0.93364   0.48534
 -4.05603   2.85729
  1.30259  -6.59026
 -1.29455  -1.25916
 -2.69977  -2.40996
 -0.11869  -1.82244
 -3.50791  -4.90977
 -3.41972  -2.48499
  1.39216  -5.53245
 -2.60968  -2.12867
 -0.57278  -1.46327
 -3.89784  -2.68840
 -0.29678  -1.82913
 -1.07413  -1.95670
  0.06488  -2.08464
 -3.94026   2.05742
  0.44081  -4.14444
  0.72391  -4.47734
  0.12966  -3.12933
 -4.20543  -2.96271
 -3.81196  -0.56571
  1.15113  -5.38737
  1.28716  -5.41283
 -3.47639  -2.86024
 -5.92311   0.16759
  0.45180  -3.47570
 -2.79717  -3.18171
 -2.81301  -2.87452
 -2.73330  -2.99611
 -0.12934  -1.32298
 -2.09353  -2.08646
 -0.04235  -2.76508
 -0.43691  -0.94353
 -4.66245  -6.13978
 -0.32896  -1.66651
 -1.65260   1.59259
 -4.05544  -3.17550
 -1.72122  -2.02633
 -1.73058   0.53981
  1.22142  -5.52560
  0.38540  -3.84346
  1.42871  -6.36007
  0.70189  -3.98194
 -2.75258  -1.83979
 -1.59774  -1.05008
 -1.28763  -2.89077
 -1.64018  -1.92086
 -1.62674  -1.90217
 -0.64520   2.50613
 -3.54890  -3.21008
 -2.79426  -2.46745
 -0.37022  -1.06902
 -3.60475  -2.21764
 -0.45710  -1.96619
 -0.11745  -2.11854
  0.52259  -3.48913
  0.40730  -3.95424
 -2.25736  -2.81976
  1.19018  -5.45801
 -0.27704  -2.74161
  0.12839  -2.68191
  0.36598  -3.39164
 -1.21172  -2.32587
 -3.06064   0.28990
  0.33524  -2.74200
  0.65504  -1.45680
 -5.23537  -3.96122
 -0.39202  -0.42626
 -3.21698   0.04577
 -0.92992  -1.55737
 -3.76159   1.53656
 -2.92146  -2.75087
  0.36949  -3.32200
 -7.52843  -3.98307
 -1.39923  -2.47107
 -4.06368  -1.35987
 -5.04302  -1.78351
  0.72127  -1.17067
  1.07180  -4.98309
 -3.03471  -2.98629
 -4.04317  -3.06740
 -1.97140  -1.78011
 -2.02148  -1.69242
 -2.10299  -2.03009
 -3.49520  -1.70427
 -1.96086  -2.99603
  0.96981  -4.49360
 -3.58605  -1.51689
  1.55058  -6.60982
  0.72304  -4.19455
  0.39710  -3.94338
 -0.22807  -1.57073
 -0.05860  -2.27374
 -7.92446  -6.03210
  0.14227  -2.67377
  0.57899  -3.11950
 -3.79409  -2.40959
 -1.26368  -1.83652
 -1.47342  -1.99197
  0.15293  -1.26134
 -6.55598  -3.75320
  0.10993  -2.88553
  0.51247  -4.00141
 -0.83300  -1.81471
 -2.38594  -2.27083
 -7.90802  -0.90680
  0.65240  -4.45154
 -1.94305  -0.56921
 -0.72559  -2.07591
 -1.46600  -2.29436
 -0.84684  -0.92143
  1.10599  -4.93861
 -2.39209   1.43097
 -2.07044  -1.19727
  0.41087  -3.74213
  0.25390  -2.50894
  1.17989  -5.22698
 -1.92236  -1.70523
  0.36397  -2.60578
 -1.49789   0.71509
 -0.43089  -2.13258
 -7.46246  -2.89014
 -1.25103  -1.36994
 -3.35764  -2.42881
  1.01743  -4.45888
 -1.35148  -0.17534
  1.05261  -4.87970
 -5.03885  -3.66352
 -0.99559  -1.27796
  1.04915  -5.10910
 -1.50527  -1.86266
 -2.27157  -1.60303
 -3.23332  -2.92627
 -0.94879  -1.51411
  1.03924  -5.02731
  2.80376  -4.25330
 -5.52546  -3.65783
 -1.16208  -1.73139
 -7.55156  -2.94563
 -2.35830  -2.18547
  0.87607  -4.94237
  0.73692  -4.17155
 -4.51652  -0.29028
 -1.76564  -1.88324
 -1.63369  -1.46953
 -2.87920  -1.64973
 -1.04746  -1.73233
  0.85030  -5.01690
  0.65159  -4.18643
 -4.05961  -2.00578
 -1.47857  -2.35574
  0.79948  -4.64730
 -4.91784  -1.72824
 -1.76624  -1.99141
 -1.10091  -1.77911
 -4.68168  -1.34202
 -4.15763  -3.79383
 -4.95049   0.92674
 -3.13942  -2.05808
 -0.14721  -1.90719
 -2.32938  -1.96221
 -3.05266  -1.93979
 -8.16192  -3.67158
 -0.90961  -1.84923
 -4.64130   0.35589
 -3.85019  -4.29461
 -0.15401  -2.10004
 -4.09148  -0.45991
  0.59131  -3.67562
  0.38110  -3.48539
 -2.29486  -1.99389
  0.30858   0.31303
 -1.41302  -1.76674
 -0.93946  -1.28489
 -5.62329  -1.49065
 -0.01408  -1.23226
 -4.39976   0.51558
  0.15631  -2.86575
 -0.30634  -1.87537
 -1.71603  -1.27261
 -1.92665  -1.59114
  1.12111  -5.49909
 -3.75450  -2.70309
 -4.32062  -0.11613
 -2.72143  -2.61936
 -1.44211  -0.36955
 -3.60927  -2.89528
 -5.52125  -2.01768
 -0.67246  -3.02818
 -3.07886  -3.23124
 -0.97514  -3.24156
  0.91644  -2.06868
 -1.84171  -1.83422
 -1.19787  -2.46087
  0.67211  -3.73058
 -2.55678  -2.51994
 -0.61168  -2.13971
 -2.18706  -2.74252
  0.13626  -1.76505
 -1.00910  -1.30935
 -1.03038  -2.18669
 -0.78743  -2.05500
  1.58428  -6.49662
 -1.30545   0.52855
  0.46182  -3.73626
 -4.08585  -0.45081
 -2.47931  -2.99249
 -2.22208  -2.02659
  1.05419  -5.13670
 -0.41862  -1.08655
 -2.18795  -1.65656
  1.34740  -6.16580
 -1.23078  -1.94462
 -3.16302  -1.99432
 -3.03392  -3.06007
 -2.04649  -2.69594
 -2.50594  -1.67053
  0.70397  -4.14278
  0.41439  -2.87254
 -1.47613  -2.35276
 -2.55794  -2.25781
 -0.69755  -1.76612
 -2.37439  -1.79319
 -4.35890  -2.96245
 -1.71473  -2.33162
 -0.19895  -0.97233
 -1.28305  -1.61587
  1.37148   0.04452
 -4.60200   1.15779
  0.37363  -3.32157
 -3.24117  -2.30255
 -3.72978  -2.64739
 -4.87552  -3.71097
 -0.09842  -2.46504
  0.98131  -5.09920
 -4.48676  -0.98322
 -1.58914  -1.83210
 -1.04864  -1.34081
 -1.32009  -2.12392
 -0.47541  -0.32474
 -1.96021  -1.82630
 -1.39945  -0.06940
 -2.34934  -1.81680
 -0.84707  -0.21943
  1.17623  -5.20509
 -2.18870  -1.64400
 -8.07506  -3.57925
 -0.85299  -1.77282
 -2.56676  -2.86054
 -6.34030  -0.38066
 -4.42637  -1.75870
  0.38932  -3.16380
 -2.34743  -2.60538
  1.55030  -6.33740
 -1.92774  -2.84043
 -0.20231  -2.73202
 -2.66220  -2.66730
 -4.18684  -2.95542
  0.36515  -3.51748
 -5.37110  -5.16686
 -1.60757  -3.42488
 -1.67559  -1.68357
 -4.32870  -3.22843
 -2.48014  -3.83361
 -2.23077  -2.39615
 -1.54058  -2.19354
  0.67212  -3.59036
  0.58625  -2.93955
 -1.38304  -2.42644
 -3.79649  -2.80660
  0.32521  -3.31068
 -4.30270  -3.31893
  1.95620  -7.31304
  0.97270  -5.14463
 -1.45959  -1.43757
  1.50880  -6.25787
  0.64929  -4.38605
 -5.07143  -0.60055
  0.00670  -2.41673
 -0.63010  -1.26020
 -2.79401  -2.55661
 -3.31886  -2.98043
 -2.48012  -1.76008
 -5.65011  -2.70023
 -3.94248  -1.00489
  0.40026  -3.13400
 -2.45856  -0.49029
  0.26740  -2.58021
  0.37950   2.23668
 -3.76790  -2.27545
 -3.83782  -1.72683
 -6.95851  -0.85350
  0.10541   0.12473
 -1.09344  -1.15499
 -3.59460  -1.57505
 -2.51797  -2.19849
 -2.21834  -2.76732
  0.82201  -4.50318
 -0.36010  -2.44359
  0.03536  -2.62349
 -1.38328  -1.75684
 -2.86069  -2.69658
 -1.26184  -1.89833
  0.46117  -3.52650
  1.70947  -6.31276
 -4.01907  -0.26318
  1.29968  -5.77040
 -2.33562  -1.77447
 -2.92522  -1.70811
  0.37059  -3.37732
  1.25580  -4.89095
 -0.68708  -0.32241
 -3.46041  -2.76596
  0.91074  -4.72980
 -3.45509  -2.70183
 -3.68477  -2.70475
  1.24576  -5.70584
 -5.40074  -0.31115
  3.75493  -3.69893
  1.30029  -6.06583
 -1.60425  -2.25042
 -2.80896  -2.63203
 -4.45246  -1.71782
 -0.00607  -2.77662
 -1.28971  -1.75045
 -2.13248  -2.46375
 -0.23519  -0.97979
 -2.96650  -3.04321
 -2.21712   3.59573
 -2.15396  -0.41270
 -0.17635  -1.60241
 -0.11818  -2.11652
  0.77249  -4.04753
 -3.64255  -0.10147
 -2.99908  -2.04170
 -0.43026  -1.57348
 -3.47658  -2.29904
 -3.51789  -2.77796
  1.24623  -5.70609
  0.14273  -1.83233
 -4.35790  -1.49766
  0.74905  -4.66472
 -2.47387  -1.52918
 -2.76217   3.72094
 -3.60968  -0.58045
 -2.99752  -1.76977
  0.18444  -2.78937
 -3.02348  -2.70310
 -6.18429  -1.46650
  0.46426  -3.81321
 -0.61124  -2.75267
