  8.17830   3.64415
 -1.09228   6.06078
 -0.82267   4.76564
  6.00982   1.43738
  4.14919   3.16111
  4.02157   5.67255
  3.02142   0.87776
  6.17030   0.65113
  1.31770   3.84599
 -1.10786   4.64222
  0.85078   4.61875
 -1.68767   3.18577
 -2.77309   2.14189
 -2.05820   2.83208
  5.42773   1.97647
  6.98078   3.24341
 -1.95458   1.12450
  6.61943   1.82464
  4.07523   6.08013
  4.03040   5.48424
 -2.53192   1.19777
  4.10214   4.73446
 -2.05613   3.27331
  4.14763   4.42200
 -1.82599   2.39783
  7.19083   1.38798
 -2.19498   5.14499
  4.12547   3.89315
  4.11951   3.58421
  4.02330   4.71677
  1.43386   4.31433
 -1.12980   2.82936
  1.51927   4.17904
  4.14872   5.21279
 -2.77547   3.11583
 -2.30065   4.74279
  5.69383   0.57644
  4.07456   4.92680
 -2.32991   4.14992
  2.07458   1.44829
 -0.74523   4.39484
  5.29737   2.02022
 -2.68793   1.61307
 -3.34468   4.37495
  0.06588   5.81860
 -1.93337   1.24213
 -1.17165   3.53955
 -1.31591   3.67400
  4.04463   3.77162
  2.81835   3.52923
  1.17916   5.56582
  7.56694   3.28444
  2.72861   2.38022
 -2.14130   3.93409
 -0.59529   4.78157
  0.72900   5.15160
  5.31265   3.83837
  4.04394   5.79728
  3.71164   1.10008
 -1.88299   1.55405
 -1.78380   2.69940
  4.07949   4.30456
  0.97768   2.83829
  5.70196   0.92651
 -1.45272   1.53175
  5.19662   2.77200
 -0.50889   2.42946
 -3.07786   5.71968
 -0.65356   2.93351
  4.05198   5.24176
 -1.80647   3.93994
 -1.81999   3.34642
 -0.79862   4.69659
 -2.01656   1.65817
 -1.40774   2.41812
  7.81194   0.82721
 -1.92309   5.14277
 -0.76555   5.07758
  4.03467   5.93018
  5.93094   4.41218
 -1.65829   4.51556
 -1.83202   2.07336
  4.17828   4.55756
  8.64140   0.75680
 -2.26557   1.44642
 -2.06595   5.53110
 -1.90482   4.23677
 -1.59536   2.63500
  4.10700   3.32652
  4.13279   6.14928
  4.11985   6.33256
  4.38195   3.87841
  7.90386   0.68499
  4.02397   6.20288
 -2.11049   4.19407
  1.04866   4.01951
  1.46320   5.40880
  4.15102   6.09070
  4.03332   3.65336
  6.41524   3.30990
 -2.29151   2.03984
 -2.24795   4.94720
  4.52797   3.82330
 -3.38793   4.43094
 -0.52495   4.58768
 -2.34012   1.92994
  4.10280   5.17735
  0.21737   5.91711
 -0.68496   4.25194
  1.34910   0.70766
 -2.22826   1.44140
  4.04848   6.42403
  1.20906   5.85374
  4.14394   3.78655
 -3.34331   4.33017
  1.28178   5.70503
  4.04310   5.71330
 -2.72152   3.02332
  1.23177   2.90784
  5.11899   3.30606
 -1.64307   1.67604
 -1.93263   3.05179
 -2.51892   1.91838
  4.18380   5.83071
  4.10286   3.69009
 -0.93658   4.24285
 -1.69393   5.34023
 -2.09243   3.41290
 -2.27266   3.21647
 -0.76255   2.39780
  4.14831   5.62793
  4.08072   5.79540
  3.46624   3.53149
 -2.21477   2.36530
 -1.67567   3.83413
  4.02755   4.49431
 -0.72129   3.34783
  5.45747   2.27987
  4.18880   4.98258
  4.05095   6.31375
  4.15291   3.09570
  7.57566   1.38102
 -1.55983   2.64032
  0.48339   4.45496
 -2.56673   1.20009
  4.16078   3.61349
 -1.01002   5.05446
  5.26967   2.18025
  4.18732   3.20010
  4.13533   4.57358
  4.58397   0.67852
  2.22971   1.09028
  4.16548   6.01636
 -2.62873   1.32339
  4.78048   2.58904
  1.43511   5.40322
  1.85506   5.87661
  4.14351   6.35937
 -2.25657   2.71460
 -0.32664   5.01798
  4.06433   5.59803
 -2.11567   3.50403
  4.17982   4.51925
 -1.71348   3.07479
  4.07785   5.77892
  4.08249   5.57112
  7.32290   1.17894
 -2.64202   1.39869
  4.10313   5.46629
 -1.03850   2.70484
 -0.55364   4.27241
 -1.46198   2.80924
 -3.07316   5.82470
  4.12485   5.52688
 -1.22878   3.59589
 -1.85213   5.92103
  1.12643   1.01076
  0.88478   4.79519
 -1.18596   2.62688
 -1.82861   3.11220
 -0.57393   4.07695
 -1.36496   3.83036
  1.20149   3.08170
  4.03494   6.28961
 -1.48122   1.20704
  4.16850   5.50284
  4.08747   4.08840
  4.19243   5.47796
 -1.82732   3.57207
  8.22296   3.32532
 -0.57815   3.79384
 -1.91863   3.11521
  4.15617   4.70639
  1.64955   5.96862
 -1.95906   2.32439
 -1.55060   5.59659
 -0.68313   4.53932
 -1.53437   1.67291
 -1.72615   2.41140
 -1.97203   4.56400
 -1.75472   1.69481
  4.13837   6.19170
 -2.03236   1.87914
  2.40054   2.50309
 -2.80006   1.29988
 -0.94617   4.35869
 -3.15466   5.26945
  2.18530   4.98634
 -2.71336   4.62365
  3.63473   3.15111
 -1.76774   3.35160
 -1.84313   1.74553
 -1.66127   4.39435
  8.77821   0.75500
 -2.68302   1.57507
 -1.64816   2.84297
 -1.62420   1.64537
 -0.94289   4.01852
 -1.45498   3.22389
 -1.00371   3.49708
  0.46726   4.54535
 -0.89927   5.81246
 -1.86849   3.14495
  2.63624   1.42506
  4.03872   4.81485
  4.04222   5.28261
 -2.78092   4.99003
 -2.43429   1.61728
 -1.06623   3.84644
  3.99312   0.84337
 -1.51269   2.73452
 -1.06965   5.79212
 -1.44988   1.20152
  4.06348   4.82657
  1.13872   2.35360
 -0.23993   5.35610
  4.05718   5.74970
 -1.78563   4.26558
  1.58354   4.79754
 -2.28368   3.91612
 -0.85816   3.67964
 -1.62601   2.57822
 -2.76636   3.26399
  0.15986   4.85453
  0.73132   5.83202
 -1.10346   4.44902
 -1.71024   2.67522
  4.48981   2.99126
  3.29519   1.07266
 -1.29059   4.15804
  1.00626   1.04589
  7.60576   2.45481
  4.05743   3.52650
 -3.40385   5.62276
  4.16329   5.55795
 -1.49937   2.41974
  4.09496   4.66415
  2.91399   1.78844
 -2.24730   1.49415
  5.59946   1.09893
 -2.01080   2.92449
 -2.64297   2.28766
 -2.49235   1.62541
 -1.27844   3.47889
 -2.07750   1.87257
  4.05669   4.62318
  7.74911   1.69071
 -2.18090   2.87689
 -2.59179   2.60199
  1.50253   4.33888
 -2.17347   1.52405
 -1.15590   2.52682
 -2.24705   2.03423
 -2.24965   4.33828
  3.53167   4.20853
  4.05446   3.85361
  5.08481   2.07967
  4.16684   6.15929
  4.18455   5.36732
 -1.77358   1.45031
 -1.65621   4.52523
 -2.08037   2.05412
 -1.82122   4.80697
  1.25946   1.82116
  6.23606   2.77311
 -2.45384   5.13872
 -0.54478   4.48253
 -1.30717   4.65599
 -1.73780   1.72332
  8.71206   1.54838
  7.34337   0.57948
  6.90054   1.39309
  1.56337   4.04183
 -2.11810   4.80865
 -0.63512   2.41894
  1.32657   4.12392
 -1.64003   2.91088
  4.20253   2.91655
 -2.62827   1.87544
 -2.14268   2.58296
  7.97778   3.64202
 -0.84054   3.74588
  0.51395   5.32895
 -1.50856   1.06160
  0.96589   3.55992
 -2.41037   1.00182
 -1.55298   2.44744
 -2.31236   3.61089
 -1.98907   2.11424
 -2.11978   4.44680
  1.68502   4.65516
 -1.47576   5.97006
 -1.18770   4.01902
  4.19063   4.43221
 -2.87253   2.43072
 -1.30865   3.27951
 -1.54876   3.34737
  8.18642   3.07057
 -1.01706   2.48667
  0.42853   5.09723
 -2.53952   2.48327
  4.18008   4.51056
 -1.54936   2.17065
  3.85321   0.62476
  4.10584   3.69803
  4.38306   2.26795
  1.64180   5.91691
 -2.07735   1.40687
 -1.98883   4.41799
  8.71675   4.34538
  4.15800   5.43168
  1.13565   2.10311
  4.03539   5.24116
  4.07282   3.12931
  4.17961   5.32940
 -2.30075   2.95658
  4.12103   4.90765
  4.15145   3.17966
 -1.03690   4.78485
  4.02651   5.91437
 -2.67976   1.21451
  4.11646   3.94773
 -1.00608   3.94913
 -1.55996   3.93706
 -1.72856   3.73476
  4.08514   4.91210
 -1.20957   4.13028
 -0.87320   4.21868
  7.17383   1.86660
 -0.84156   4.04803
 -0.67820   4.63262
  0.76812   5.49414
 -1.58678   2.05243
  4.08786   3.07552
 -0.95834   3.35301
  4.12376   6.13875
 -1.82331   1.43074
 -0.55554   4.07732
 -0.66519   4.49840
 -0.85680   4.12482
  4.17401   4.76496
 -1.06022   3.06384
  4.09053   5.14085
  2.13297   3.95863
  4.03059   4.03811
 -1.73238   1.09469
 -2.55563   1.55680
 -2.22245   4.57435
 -1.79123   2.17458
  4.03221   4.44081
  6.49438   2.57803
 -2.50751   1.13368
 -1.57548   1.03392
  4.17527   4.57581
  3.86982   3.21873
 -1.39881   4.37048
  1.46535   5.93932
 -0.92083   2.62589
  2.97473   2.87481
 -2.36544   2.05858
 -2.79484   2.85843
 -0.50926   4.17040
  4.17787   4.22911
 -1.48029   5.54310
  4.04252   4.07673
  1.46979   5.08613
 -1.79039   3.55288
  5.65145   3.93258
 -2.34829   4.79829
 -1.80935   2.86107
  1.11286   4.96789
 -1.90458   2.49825
 -1.56657   2.94713
 -2.35906   1.61158
 -1.37113   4.63686
 -3.53920   5.96042
 -2.04585   3.40171
 -2.78965   3.15702
  4.05783   6.00877
 -1.59436   1.02173
  4.03218   2.40346
 -2.17618   3.18884
 -1.77909   4.10021
 -1.52628   1.18449
 -2.51930   2.21655
  7.97759   3.16343
  0.69665   4.55534
  4.05751   5.45904
 -1.61333   2.94424
  3.38631   1.39127
 -2.10757   3.28713
  1.34755   2.39231
 -1.67685   1.30331
  1.98362   3.75374
 -0.72382   4.44844
 -1.74826   5.91928
 -0.10512   4.44844
  4.50518   2.85127
 -1.94014   4.05383
  1.62859   1.72600
  4.05982   6.43441
 -0.81778   3.15940
  3.10525   3.58407
  7.25979   4.44525
 -1.12882   3.95388
  4.13828   4.29904
  5.78704   2.38296
  8.36978   3.60176
 -2.69874   6.00369
 -1.60712   2.98575
  4.16070   4.73789
  1.05112   1.22041
  5.00966   2.27277
 -0.85284   2.52794
  2.97763   0.88365
 -1.34258   6.02767
 -2.01840   1.68166
  7.72604   0.89864
  4.08955   3.95753
 -3.22520   5.32145
  4.08753   3.85318
 -1.50951   2.27361
 -2.33794   3.76245
  6.06791   3.36608
 -2.17370   3.13502
  1.91032   2.08607
  4.40795   4.39825
 -1.57622   1.33160
 -0.80420   4.75920
 -0.49853   4.78063
 -2.37175   4.67724
  4.08321   6.08639
 -1.13146   2.56260
 -0.65213   5.53835
 -2.56761   5.66450
 -1.58031   1.20188
 -0.70422   4.72820
 -2.30934   2.53898
 -2.79618   1.81053
 -0.49643   2.55958
  3.56320   2.26062
  6.09710   1.20711
 -1.67824   3.05949
 -1.43104   5.64423
 -2.64852   1.08405
 -1.10498   5.77602
 -1.63161   2.51231
 -0.62048   3.98365
 -2.60864   2.83728
 -2.19020   3.32365
 -2.06749   4.83308
 -0.69224   4.24503
 -2.23542   2.43653
  4.03381   4.56970
  4.17458   3.16610
 -0.38157   5.89415
 -2.87693   2.91435
 -2.16757   4.53647
  8.38700   1.54552
 -2.11449   2.20443
 -1.55660   5.69731
  0.73978   4.98937
 -3.60610   5.42709
  8.54616   0.66845
  6.60881   2.11028
  1.24966   2.86413
 -1.83096   1.54581
 -2.09679   2.84890
 -2.68556   1.48906
 -2.86093   4.65238
  6.32020   3.61075
  4.20345   3.93325
 -1.62949   4.09767
  2.60837   3.30827
 -1.50682   1.85539
 -1.03810   6.04361
 -1.71199   3.16675
  4.15676   3.20750
 -1.97425   1.71895
  4.03959   4.26873
 -2.36119   2.17436
 -1.26287   3.34125
 -0.94658   2.82060
 -1.87473   1.49354
  6.43077   1.10295
  4.03934   3.40368
  4.07267   3.91261
 -2.66458   2.00084
  5.49711   2.89423
  7.83181   2.08881
  4.16100   5.78451
  4.10527   5.04455
 -1.46575   2.42211
 -2.83217   2.29034
 -1.44152   3.79526
  4.14177   4.69824
  7.77773   0.93295
 -1.46806   2.46548
  6.53400   0.95395
 -0.74080   3.22915
  1.68333   5.51918
  0.64172   4.77671
  5.18232   3.01858
 -0.58807   2.66381
  6.23157   3.64148
 -2.16229   3.56367
 -1.54971   2.92179
 -1.49970   2.59918
  5.15958   1.03721
  5.15419   1.51301
  4.08531   4.00854
 -2.82548   1.04478
 -1.27018   4.34092
  8.20449   2.12555
 -1.86019   2.08758
 -1.15209   3.82988
 -2.00537   5.92831
 -2.38316   1.94315
  4.17119   6.10025
 -2.28565   2.69346
  4.14045   5.21901
 -2.10100   2.24746
  4.09415   6.44497
  4.11015   4.70434
  4.02141   3.73261
  1.30114   4.38246
 -0.97518   2.98122
 -1.78743   2.94504
 -2.81201   3.30438
  4.40860   2.34666
  4.06489   3.24530
  5.60814   3.31209
 -2.22745   2.10333
 -1.48482   1.31019
  4.04656   3.98755
  4.02525   3.00781
 -2.06296   5.45324
 -0.95108   4.62079
  0.62255   5.87121
 -1.82558   4.41363
  4.14408   6.40437
  1.38717   5.49629
  4.17016   6.05892
  4.11083   4.82526
 -2.24006   2.39813
 -2.73201   2.63200
 -1.13742   3.12983
  0.76928   4.48292
  4.07745   5.09267
  8.70536   4.02205
 -2.72834   5.64932
 -2.67695   1.57045
 -1.69469   1.19834
  7.87065   1.75656
 -1.78346   4.47384
  4.14238   6.49080
  1.88488   5.97419
  7.57908   1.06276
 -1.63200   1.58263
  0.79681   5.46893
  1.94801   4.45669
  4.09568   5.72490
  4.10953   3.63852
 -1.66391   2.55173
  4.03852   5.84299
 -1.81451   4.50428
 -1.75596   3.04965
 -0.78775   4.71711
 -1.56776   3.20602
 -1.61704   3.38450
 -2.36364   2.12538
  1.71005   6.02465
  4.91939   1.11813
  4.08602   4.97461
 -2.36568   4.78294
  3.20990   2.10551
  4.04485   6.44452
 -1.57895   4.75606
  5.16205   3.30712
  4.15125   3.51492
  8.76827   1.31995
 -1.70307   5.13770
  7.36028   1.40050
 -2.11472   4.36575
  0.07029   5.96417
 -1.59596   4.44101
  1.08976   2.25473
  3.39023   3.93154
 -1.92828   3.44381
 -1.25926   4.37468
  3.10029   2.89773
  4.15784   3.25798
 -2.67564   3.12546
 -2.01446   4.61188
  4.03463   5.44620
  0.56179   4.41756
 -0.94398   4.40852
  1.06027   1.20071
 -1.53087   4.46319
  8.00905   0.59126
 -1.55389   3.44564
  4.06748   4.73165
  4.02362   4.78887
 -1.56707   1.57043
  4.13681   3.22555
 -0.94913   2.40288
  4.07407   4.47187
 -1.96796   2.51447
  4.12898   6.39956
  4.11220   3.78433
 -1.64420   1.48186
  0.51522   5.93386
 -0.89781   3.76858
  4.76465   2.61962
 -1.08424   2.74022
 -1.75385   2.95300
 -0.57081   3.88455
  4.06648   6.01913
  2.48219   3.77481
 -1.97460   2.34074
  4.18687   6.38650
 -1.50237   4.47990
  4.16689   5.06235
 -1.45938   2.49274
  2.07706   4.13476
  4.10071   3.88286
 -1.63755   3.13064
 -2.41964   2.37635
 -2.12592   2.95644
 -0.53670   4.42319
 -0.15813   4.72070
 -2.24624   5.08532
 -1.04170   3.27680
 -2.46805   1.11299
  4.03885   5.17755
  4.16198   5.52825
 -1.30526   3.46325
 -2.54772   5.99746
  4.11823   5.71328
  5.28509   1.88595
 -0.57192   3.23846
 -2.27188   1.27887
 -2.94067   5.19187
 -1.76128   2.82638
 -0.55033   2.84705
  1.15348   4.44056
 -1.73280   1.91648
  6.34625   3.40678
 -1.69313   3.21207
 -1.29197   2.83872
  4.40852   2.01345
 -2.32493   3.18438
 -1.06123   5.88590
 -0.35031   5.56865
  4.18831   5.72440
 -1.66243   3.44956
 -0.83387   4.39167
 -2.02170   5.93500
 -2.66255   1.48039
  4.06918   5.79727
  4.06392   3.13402
 -2.62771   1.67996
  4.16070   4.12226
  4.04402   6.05990
  8.11372   3.76133
 -1.23661   4.31338
  8.11276   1.30370
 -1.53477   2.84333
  4.05030   3.31198
 -0.96662   4.45395
  5.29357   2.21127
 -1.68362   4.39794
  0.44403   6.01333
  5.19123   1.03517
 -2.80965   2.43510
  5.15939   3.70997
  6.09305   0.66526
 -2.35225   3.52415
  6.77407   2.88742
  4.19017   4.59283
 -1.49633   5.53624
 -1.67454   1.54069
  4.07257   3.54949
 -2.62509   2.59174
  4.07428   3.38939
  2.12327   4.88258
 -1.66668   4.71236
  2.14186   4.47024
 -3.22451   4.97337
 -1.85153   2.42575
 -1.78860   3.44196
  1.10513   5.28614
  4.96192   3.41882
 -1.11293   2.80806
 -2.04520   4.45511
  4.04889   6.17503
  0.61588   4.71492
  7.39802   1.02792
  4.83201   1.52955
  7.03793   2.89020
 -1.23763   3.66486
  0.56379   4.32447
 -2.78281   1.28535
 -2.54849   3.33782
 -1.93408   2.13836
  4.79223   3.42585
 -2.09087   2.40723
 -0.79281   3.00690
 -3.14492   5.79239
 -3.05578   5.76805
  0.86145   5.41251
  4.15003   3.73849
  4.06027   4.09756
 -2.05490   5.88028
 -1.76143   3.07344
 -1.62522   1.64848
 -1.60495   5.22294
  1.83226   5.22687
 -2.29892   3.94916
  7.97699   2.30710
 -1.73909   3.73947
  4.03868   5.29236
  1.52613   2.30396
 -0.56300   4.18495
 -2.04937   4.89501
  4.04924   5.53478
  4.15833   5.92792
 -0.95043   5.78559
 -1.58167   1.02711
 -1.86729   3.99478
  4.03781   5.68807
  4.17737   4.59720
 -2.59519   5.89574
 -1.70138   3.20745
 -2.79439   1.70841
 -2.26671   1.48794
  4.07457   6.08971
 -2.06370   3.30828
 -0.55822   4.02203
 -1.95987   4.77446
  2.50447   1.24397
 -2.23469   4.46100
 -0.98370   3.80587
  4.16386   5.73213
  4.92595   0.62781
 -1.58358   4.47828
  0.69454   4.79845
  0.70819   5.81342
 -2.36458   2.11182
 -2.59208   4.96357
 -2.09613   1.72910
  5.11561   2.25702
 -1.59276   2.75356
 -2.49312   1.76130
 -1.00038   3.29157
  4.10226   4.58187
 -1.98821   1.51299
 -1.96222   1.04479
 -0.84690   3.60713
  0.60109   5.39114
 -0.69074   4.15305
  2.01257   5.40815
  2.47168   2.60697
 -2.23613   5.20014
 -2.10953   3.85589
 -1.94013   2.02655
 -1.58937   4.32594
  0.38747   5.89992
 -1.39688   3.35476
 -0.82682   4.06565
  4.18478   6.27825
 -1.21165   4.54214
 -0.35423   4.45175
 -2.03600   2.12847
 -1.31090   2.72629
  4.03059   4.23081
  4.13295   3.47838
 -2.51759   1.44137
 -0.84653   5.82928
 -1.52577   2.55922
  4.17985   4.00597
  4.15008   5.66978
  4.02611   4.79706
  4.09161   5.00716
  4.04306   5.93670
 -2.23915   1.69757
 -3.61426   6.03085
 -1.75901   1.06805
  7.39282   2.05532
 -2.29031   4.31844
 -2.13269   4.14038
 -2.49722   1.75346
 -2.10576   3.10188
 -1.20521   4.51256
 -0.98911   4.25533
 -0.80868   2.51975
  4.16666   3.03683
 -3.25065   6.02441
 -1.90381   2.55831
 -2.24312   5.56540
  4.14664   6.16793
 -2.09889   4.86526
  4.05425   4.80658
  6.36712   0.60697
  4.06887   5.58131
 -1.22753   4.94316
  5.32337   2.86570
  4.09172   5.19867
 -2.37939   5.52792
 -2.15659   2.67274
  4.09212   6.39845
  4.55915   3.67301
 -1.63132   3.98838
  4.41275   2.73452
 -2.12780   3.96794
 -1.46183   1.23411
  4.18088   4.59868
  8.77514   1.83489
  4.08968   4.93397
  4.07045   3.61403
  8.45382   3.24707
 -0.82474   4.43944
  4.09469   3.90841
  4.16969   4.93941
  4.02471   4.61149
  4.15301   3.04553
 -1.69016   4.16602
 -1.57920   3.92023
 -2.07919   1.08362
  4.08256   5.81787
 -1.64955   4.46405
 -1.30093   4.58605
  2.05019   5.93421
 -2.55665   3.21124
  0.49477   5.51844
  1.73060   5.44570
 -2.55479   1.89638
 -2.39905   1.59892
  3.46681   4.04648
  4.08518   4.62032
 -0.85346   2.63186
  2.11231   5.70345
 -1.80013   4.59931
  4.07652   5.22951
  4.67550   4.47731
 -1.42350   3.67529
 -3.60899   5.84352
  3.43650   3.50743
 -1.68845   2.53878
 -0.94449   2.87021
 -1.72723   3.35481
  4.09555   6.35596
 -1.50300   1.10437
 -0.83250   4.73248
  2.12655   4.21300
 -2.87940   4.95295
  4.12807   5.83080
  7.79362   1.91288
 -1.42463   2.82093
  6.35580   2.76528
  4.94551   3.51757
 -2.26546   1.32805
 -1.82589   2.35988
 -2.52123   1.28110
 -2.88439   5.46643
 -2.84107   4.99887
  2.72120   4.23636
 -2.12250   1.49951
  0.16889   5.97091
 -2.55406   3.12881
 -1.62751   1.39288
 -1.16847   3.71790
  8.77128   4.43684
 -1.75584   5.03563
  4.03525   6.31835
  4.19114   4.63284
  2.49690   1.47668
  5.25904   0.69441
  8.22758   4.12270
  2.04672   2.82832
  5.64087   2.80492
 -1.58127   3.80716
  5.18577   2.19413
 -0.82196   3.19784
  1.98313   4.76828
  1.21605   4.50756
  4.08919   4.79318
  4.03400   5.63932
  4.09880   3.61844
  4.08904   5.87716
  4.13993   5.28846
  3.45381   2.30600
  4.14019   3.02677
 -1.92659   4.05559
 -0.75581   4.46442
  4.02903   5.14116
  3.34419   1.38244
  4.03533   4.34017
  3.91585   2.49638
 -1.59362   3.56125
  4.06834   4.73455
  4.86060   3.45334
  8.56673   4.43897
  4.13831   5.99030
  4.12187   3.45720
 -0.75338   4.03195
 -2.04960   2.89279
  0.15342   5.71514
 -2.27490   4.61851
 -1.43149   2.72880
  1.19108   5.89881
 -1.46488   2.29639
 -1.94006   3.34462
 -1.76376   4.40392
  6.23799   3.39811
  4.04287   4.72648
  3.15469   3.18978
  4.03642   3.10225
 -1.42253   4.50319
 -2.73183   1.54086
 -3.31405   5.72739
  1.22574   4.82673
  6.73156   2.02458
  1.31353   5.19814
  4.06641   4.90635
  4.16353   5.21442
  4.19070   4.84730
  0.19781   5.03986
 -2.59579   2.19626
 -1.94012   2.17440
 -2.36021   1.64049
  4.06965   3.16424
 -2.83088   5.09529
 -1.92448   3.55924
  3.01537   2.75476
  2.20649   6.00398
 -1.98875   3.32928
  1.71732   5.00389
 -0.70020   3.00989
  4.11643   5.11549
  4.60553   1.40544
 -1.20295   4.35151
  4.09259   4.90304
 -2.72288   4.32606
 -3.56214   5.91566
  5.76538   2.08300
 -1.95779   3.07515
  2.81252   0.82661
 -2.47670   4.91639
 -2.84626   3.33004
  4.05473   3.90669
  5.08478   3.59958
  1.27980   1.44546
 -2.06452   2.47379
 -2.32327   2.16289
 -1.06152   5.80945
  8.15682   0.85876
 -1.79439   5.95955
 -1.83565   1.49826
 -0.61837   3.31270
  5.02191   2.18346
 -1.84527   5.39028
 -1.09342   2.69215
  4.06415   4.35877
  1.00192   4.90100
 -1.50045   2.46864
 -2.01881   4.44255
  4.04726   6.07504
  4.08055   3.97656
 -1.96329   4.85491
 -2.07292   2.70659
  1.93267   3.24354
 -1.45283   1.52041
 -2.80910   2.99674
 -2.29376   3.71638
  8.83105   2.80014
 -1.96299   2.60811
 -1.77452   3.30594
 -2.05268   2.90234
  8.62019   2.48431
  4.38082   4.27331
 -2.40703   1.89906
 -1.55188   2.84595
 -2.15688   2.95803
 -2.62050   3.30428
 -2.31223   4.42476
 -0.78497   6.06187
  2.38778   0.97891
  4.10354   3.67512
 -2.33598   4.35024
 -1.61218   3.13436
 -2.33764   1.71994
 -2.77095   1.91107
  0.63491   5.28129
  4.11737   4.85876
  0.55120   5.84364
 -2.76925   3.27874
 -1.46718   2.57243
 -2.52928   1.54608
  2.69270   2.64742
  4.12883   4.94560
 -2.23765   3.49520
  4.14746   3.68661
  4.12123   6.31662
 -2.80834   4.81844
  4.16033   5.80730
 -1.54591   4.68367
  2.20400   3.95744
  4.05802   5.85476
 -2.18833   3.65875
 -3.46930   4.48536
 -1.18075   4.93819
  1.27119   6.05542
 -0.17941   5.97883
 -1.09162   3.44250
 -2.22351   1.14890
 -0.59256   3.71855
 -1.43506   3.25139
  1.38959   5.44393
 -1.67420   2.72731
 -2.60671   1.05592
  1.41337   3.76828
  1.78040   1.62791
 -1.72174   3.21731
  7.10491   2.83022
 -1.49339   3.04189
  6.45069   1.97345
 -2.04675   2.43156
 -2.74747   1.59123
 -2.39709   1.05094
 -0.40875   4.84211
  0.33031   4.75486
 -0.72755   4.35380
 -2.06877   5.54478
  4.19052   3.38937
  3.72351   1.35653
  8.34360   2.58522
  4.18430   5.83159
  6.47314   2.27486
 -3.33269   4.78280
 -1.45847   2.16640
  4.07029   4.68774
 -2.74266   1.34038
  1.02326   3.37936
 -1.25082   5.90669
 -2.61142   1.06797
 -2.13000   4.64388
 -3.63439   5.92141
  3.79616   3.22039
  2.25243   3.93111
 -0.33437   5.25981
  7.87969   2.90290
  8.78112   2.42935
  4.05295   5.53380
 -1.77697   4.37086
 -2.13344   4.60383
  4.17190   4.82177
 -2.19924   4.66951
 -3.10759   4.47754
  4.12826   4.94210
 -0.69406   3.18344
 -1.97584   2.00943
  4.09189   6.00785
 -1.81653   2.00740
 -0.81696   3.03909
 -2.82216   3.30194
  4.13492   3.26154
 -1.49016   3.26069
  4.15540   3.11861
  4.07593   6.02224
  4.32953   2.62834
 -1.34894   3.92037
  1.97299   5.10614
  8.09348   4.47326
  2.32176   0.57801
 -1.52065   3.19094
 -2.54407   5.30463
  4.12877   3.79448
  5.10790   2.81934
 -2.45354   2.04590
  4.63360   3.89713
 -2.07146   4.55205
 -2.18210   4.79048
  4.50903   2.86748
  4.06722   3.83511
 -1.73571   2.61230
 -2.66745   1.66288
  6.58298   1.12643
 -1.72825   2.74117
 -0.48178   3.80522
 -1.57062   2.42006
 -2.08911   3.39281
 -1.73879   2.81205
 -1.62764   2.74937
 -2.76415   1.08364
 -2.25247   3.00123
  4.09228   5.31480
 -1.94782   3.78912
 -2.73884   4.79459
  4.06321   4.48435
 -2.87453   1.02231
 -2.52494   1.08525
 -1.33118   3.39244
 -0.74542   5.01165
  8.52595   3.59123
 -2.65663   3.05615
  4.37512   3.70292
  1.48210   5.54943
  7.12072   1.09822
 -1.13622   4.51386
 -1.37509   2.87287
 -1.46291   1.55102
 -2.69270   1.32432
  4.16460   5.90486
  4.17696   3.48192
  4.02307   3.52775
 -0.80262   3.25830
  4.15562   4.72152
 -2.04878   2.80349
 -0.73207   2.89730
  4.11740   4.06307
  1.32820   4.42635
  1.00350   4.99021
 -2.80559   5.14816
  2.00720   4.55756
 -3.66326   5.36010
 -0.72832   4.77531
 -1.41662   3.06061
  4.18532   5.59453
 -2.04321   4.83673
 -2.80345   1.18214
 -1.19451   2.54963
  6.70499   4.16351
  4.15938   3.69694
  4.18988   5.93330
  5.73643   3.94668
  4.14963   5.26425
 -2.46536   1.55982
 -2.18485   3.64386
  0.45668   5.15621
 -1.88158   5.88655
  4.12374   5.80261
 -2.71278   5.23827
 -2.16420   4.45845
 -1.25196   3.18732
  7.16229   1.69184
  4.14926   4.81266
 -2.68050   1.39516
  0.41091   4.53661
 -1.23725   2.62374
 -1.06055   3.07634
 -1.70091   1.51801
  4.17865   6.34682
 -2.73999   2.73510
 -0.69388   5.14028
 -1.66118   4.21873
 -1.63497   5.68353
  4.09024   4.39945
 -2.26023   2.59282
  5.94834   2.78757
  8.09701   0.93957
 -0.80654   3.28042
  3.56977   1.44769
 -0.25567   5.23338
 -1.90881   4.69967
 -2.19459   4.22327
  4.05295   3.67468
 -1.45246   2.91127
 -0.81931   3.63904
 -1.67946   1.58309
  1.69802   2.36206
  4.08218   3.53193
 -1.65550   5.58221
  5.82574   4.35537
 -0.75395   3.07795
 -1.74142   1.25931
  1.24830   4.91172
 -3.02371   5.13634
  3.87692   4.34622
 -1.20456   3.92845
  8.04985   1.05629
  4.12038   3.91801
 -2.00235   3.48943
 -1.08313   4.69692
 -2.29564   4.43479
  4.03663   5.89366
  4.03328   4.18032
  4.17633   4.60493
  7.96906   2.80227
 -1.73849   1.37277
 -2.33024   3.07876
 -1.54280   2.45971
  4.05560   6.47530
 -1.82434   1.37259
 -1.90672   3.88405
  4.12540   5.57083
  4.14887   4.48656
  4.04783   5.97931
  4.15213   3.94041
  7.68364   4.43314
  4.11702   6.01306
 -1.66468   2.52204
 -3.29415   4.98367
  4.13637   3.67880
 -2.25190   3.34791
 -2.32501   5.34806
  0.83845   5.27185
 -3.47975   5.61725
 -2.08639   2.37909
 -3.07587   5.53207
  4.09167   4.54948
  5.48391   4.05876
 -0.66762   4.22957
  0.93022   5.40631
  0.36031   5.61975
  4.14235   4.57862
  4.02504   4.63966
  4.18717   5.77568
 -3.01500   4.33986
 -2.64472   1.97434
 -2.59183   2.52413
 -2.82813   4.51054
 -1.45111   3.85946
 -2.07496   2.45165
  7.93171   1.53806
  1.40364   2.07544
 -1.54941   2.97552
  3.05189   3.89930
 -1.12761   3.09905
 -2.67981   2.39625
 -1.62776   1.05020
 -1.49180   2.94449
  4.05701   5.15986
 -1.76651   4.30377
  2.23118   2.38273
 -1.72458   2.53854
  0.02130   4.86272
  3.37583   1.60370
  0.72441   4.54033
  4.16596   5.22525
  4.57892   1.96042
 -0.46425   4.87106
 -2.64137   3.34348
 -1.75002   3.10989
 -1.68068   4.21881
  2.04265   4.59321
 -1.13618   5.50072
  4.05849   5.86037
  4.11631   6.12983
 -0.96704   4.11121
  2.24831   1.39442
 -1.84709   2.64798
  2.43349   4.22342
 -1.84293   5.97938
  4.11798   3.39168
 -1.08035   3.89318
  0.67473   4.67202
 -0.59293   4.72381
 -2.86765   1.54186
  1.30131   2.26767
 -1.34829   5.46930
  4.05718   5.98963
 -0.64914   3.91630
 -1.80716   2.82926
 -2.25271   1.01786
 -2.65574   1.99789
  1.48886   2.54541
  2.31534   3.44636
  3.69158   1.30482
 -2.06126   3.50995
  4.18204   6.40516
  4.05960   5.48734
  4.09700   4.80081
  7.09407   2.00289
 -2.08902   1.79114
  6.41680   3.49326
 -0.83801   4.38599
  1.52827   1.95930
  0.18044   5.38274
 -1.69643   3.16720
  4.13074   5.83366
  7.22732   1.41235
 -3.02128   5.65031
  3.35570   1.98660
  7.07984   3.16583
 -0.30117   5.98811
 -0.65677   3.51185
  4.02599   3.01146
  5.13574   2.08723
  4.08259   4.27676
 -3.22000   5.62909
 -2.27921   2.20322
 -2.44795   1.77725
 -0.71756   2.65661
 -0.96278   4.26390
 -2.60562   2.34012
 -2.00905   5.55907
 -2.20622   4.13859
 -2.62915   2.69765
 -2.43545   2.04117
  4.02652   6.06768
  8.40789   2.59302
 -1.76703   4.21084
 -0.72448   4.89206
 -1.32755   4.38947
 -2.07928   6.01586
  4.04493   5.20778
 -1.51338   4.74616
  4.10511   3.50677
  4.08580   4.85072
  4.14094   5.57799
  1.39079   5.56359
  6.44163   1.24063
  1.97934   5.98418
 -1.91195   4.17128
 -0.79572   5.10982
  1.01517   5.57685
 -1.89760   2.52064
  4.05354   4.87881
 -2.54327   2.61871
 -0.81958   5.82335
  4.08454   3.92348
 -1.60274   2.64662
 -2.17352   2.77891
  4.13669   6.03248
  4.14128   5.66939
 -1.07520   3.52189
  7.09850   4.06701
  4.07149   3.03175
  1.08438   5.58915
  4.06279   6.30282
 -1.77374   4.02517
  4.99503   1.00647
 -1.67782   6.00246
 -1.56498   2.94848
 -1.36256   5.58959
  4.77410   1.65992
 -2.13812   3.15042
 -3.22907   4.73024
 -1.84465   2.16807
 -2.49463   2.49247
  4.08108   3.63904
 -0.96225   4.68612
  8.87630   1.94130
 -1.13233   4.86670
 -2.78031   1.62336
 -2.26455   3.36664
  4.18317   4.34884
 -0.30359   5.61874
 -1.01353   3.11778
 -2.53517   2.47501
  4.80643   3.67644
  4.61652   3.33254
 -1.17049   2.69651
  1.15035   5.37784
  0.97786   4.68228
 -2.45169   2.29341
  1.71232   1.31547
 -0.54861   3.42105
  0.57733   4.52738
 -3.28238   4.47684
 -2.30969   2.72068
  4.07742   3.53051
 -1.66480   3.02979
  4.05503   3.21866
  4.18454   4.99176
 -1.46639   4.01944
 -2.50982   1.62815
 -2.74364   5.04793
  1.95237   4.00746
  2.09775   5.09241
 -3.61823   4.68660
 -0.68485   2.46012
  8.83074   3.86720
  4.02568   4.79779
 -1.77699   2.09548
  3.16837   2.14506
  0.38084   5.81091
  0.85601   5.11360
  1.07846   1.46607
 -0.95311   5.93388
  6.93398   3.26107
 -2.83975   1.72551
 -1.27491   4.78617
 -1.25878   2.53005
 -0.73041   3.25456
  4.15747   4.42712
  8.14207   2.92163
  5.12825   4.11398
 -1.68515   4.66970
  8.75129   1.22853
 -1.68179   2.84207
 -1.40583   3.24491
  2.35655   2.01876
 -2.26514   3.10330
  2.71024   3.52981
 -0.71416   5.81654
 -1.02006   4.20354
  4.05700   4.56419
  1.97441   4.63092
  1.61481   3.60260
 -1.03462   5.86812
 -0.72605   4.37561
  3.83864   1.32925
 -1.74027   2.68411
 -1.05432   2.52685
  0.91961   4.40140
 -2.22846   1.84901
  6.85270   0.97095
  5.65172   3.12733
 -2.23018   2.61114
  0.39682   5.21920
 -1.80248   1.20536
  3.30759   1.44032
 -1.31064   4.80387
  4.98603   1.50940
  3.19743   1.39005
 -3.46291   4.63694
  4.12003   4.20939
  6.46579   1.26630
 -0.95285   2.96343
 -2.41777   2.38130
  8.78846   0.85153
 -2.87888   3.17253
 -2.04348   3.98691
 -1.26323   4.76384
  4.07526   5.19559
  6.67217   2.14988
 -2.38647   4.86811
  4.05418   3.67238
 -1.79305   2.84602
  4.04474   6.29648
  1.31544   1.27686
 -1.31365   2.55096
 -1.70358   4.45690
  6.70060   0.58009
 -1.90764   2.53990
  1.03487   4.68199
 -2.01710   1.34896
 -1.28439   4.76907
 -0.51029   2.82578
  4.11999   4.20749
 -0.49205   3.83576
  4.17970   5.36615
 -3.36940   4.40706
  4.07258   5.54561
 -2.69615   1.39581
  4.13224   6.37708
 -1.80734   4.43269
 -2.02271   2.61613
  2.45093   1.24489
 -2.46380   1.39783
  4.08813   4.71040
  6.94592   2.13327
 -2.30659   1.61657
  8.37961   0.61344
  4.02300   4.91639
 -1.19694   3.28938
  5.48338   4.42570
 -1.72062   4.26395
 -3.13743   4.81343
 -0.65225   4.47746
 -2.52210   4.40542
 -2.02030   3.09228
 -1.77533   3.15191
 -2.86679   5.10501
 -2.22145   2.76440
  1.12204   0.98699
  4.06350   3.23313
 -2.65471   2.56246
 -1.99882   3.08031
  8.14833   1.80341
 -2.75560   2.40127
 -1.89886   4.55945
 -1.49838   3.23431
 -2.30138   1.65006
 -2.03823   2.64328
 -2.11054   3.03655
  4.06628   3.96825
  4.35331   3.17902
 -2.57447   3.10665
  5.94626   1.00478
  0.24416   4.46798
  4.12344   3.63221
  7.56816   1.68306
  8.02400   1.09031
 -2.51356   2.77896
 -1.71822   3.38353
  4.18202   3.05541
  4.16908   3.39599
  4.46434   0.77841
 -1.38995   4.51617
  8.15293   3.84079
  1.48546   0.75668
 -2.68027   3.31072
 -2.20997   2.74219
 -2.38576   2.14839
 -2.09282   2.47490
 -2.10933   2.62383
  4.16442   3.19615
  4.15556   4.38875
 -1.61395   1.10685
  0.69977   5.28348
  1.48004   4.74544
 -0.57945   4.32839
  5.57546   0.85447
 -0.79383   3.82096
  4.06048   4.72293
 -1.50415   3.93176
 -2.49364   2.26713
  4.18273   5.58755
  4.12357   4.35050
 -2.48418   1.15012
 -1.66850   3.23576
 -0.41265   5.91101
  4.10112   4.84286
 -1.55939   1.76827
  3.40118   3.40536
 -2.68108   1.55641
  4.21316   3.74836
  4.14979   6.24072
 -1.56772   1.13356
  1.40734   4.62808
  4.13853   5.88916
 -2.25466   2.74961
 -0.85351   3.58715
  5.71838   1.98633
  4.17319   4.33373
 -2.00235   4.39751
 -2.45752   2.92986
  4.09561   5.33195
 -0.98478   3.96297
  4.13014   4.83516
  4.18138   6.26099
 -2.21285   2.67250
  8.36123   2.68373
 -1.37195   2.46833
  2.77381   3.90637
 -1.93047   2.42344
 -2.05018   2.71488
  4.06360   6.21740
  4.10269   4.42932
  0.92467   4.38918
  2.01052   3.02801
 -1.72420   1.34208
  1.16404   5.14166
  4.19237   4.52958
  6.23893   3.38234
 -2.00007   2.95598
 -1.65144   3.05109
  4.13472   3.32694
 -1.70863   1.81464
  0.81089   5.92083
 -2.86904   3.19913
 -0.64008   4.23190
 -2.09280   3.21484
  8.83971   0.78889
 -1.73540   2.16182
  6.20810   0.62773
 -3.00188   4.37737
 -2.38862   1.78529
  4.08059   4.52583
 -2.11420   4.81438
 -2.23925   2.59678
 -3.43148   4.82694
 -2.12478   1.15450
 -1.28917   6.04668
 -0.53938   4.88969
  6.24272   1.03328
  4.16589   5.82352
 -1.15472   4.53054
 -2.53395   1.66564
  0.10784   4.42485
  3.05501   4.21336
  4.05327   4.25098
 -1.92074   2.21144
  0.77589   6.02181
  0.06097   4.91605
 -2.81991   2.11379
  4.14270   4.23275
 -2.42960   2.81849
  3.86579   2.08094
 -2.17692   2.81340
 -1.78397   4.32638
 -1.76193   1.26956
 -2.32786   3.37207
  8.06598   2.90341
  4.15278   3.77901
  4.32611   4.25459
  3.44026   2.87608
 -1.42192   4.71022
  4.04280   5.94826
  8.58631   1.64030
  0.67507   5.92821
 -1.32114   3.13892
 -1.70229   1.42710
  4.69931   2.78530
 -1.53716   2.70601
 -1.97405   4.77176
 -2.36228   2.93603
  8.61613   0.65614
 -2.29788   3.22578
  8.28597   0.73233
  7.83271   4.27456
 -2.25896   1.33952
  2.83604   1.21309
 -1.07542   5.40923
 -2.53329   5.58891
 -2.54246   5.44443
  4.09966   6.11565
  2.45700   4.30129
 -2.15222   4.37187
  6.51551   0.70191
  1.85627   3.06518
 -1.61445   3.36705
 -1.65933   1.04361
  3.89904   1.62523
  6.43858   0.93773
  2.36675   0.63134
  2.47714   4.00971
  6.40861   4.05372
 -2.74229   5.96625
  7.42035   1.81200
 -0.07040   5.17862
  4.14542   3.00897
 -1.49552   4.41832
 -3.15490   4.88510
 -2.35199   2.09335
 -2.41358   3.05748
  2.03705   3.15108
 -0.55123   4.14457
 -3.67937   5.40806
 -2.10932   2.03135
  3.67793   3.82034
 -1.60882   2.34946
 -1.41183   4.26535
  0.73038   6.03021
 -2.45298   3.07244
  4.17583   2.40906
  4.03774   5.87872
 -2.82614   1.39414
  1.57024   6.00808
  4.16765   3.78810
 -3.47116   5.36841
 -1.76106   4.92959
 -2.84263   4.83419
  8.31961   2.47925
  4.02996   4.85427
 -1.68000   4.66491
  4.18418   4.61939
  0.79873   4.97103
 -1.99884   2.07551
 -1.79008   3.18787
 -2.28887   1.49821
  8.58109   3.66221
  0.09273   4.34111
  2.66041   4.31040
 -1.72731   1.36838
  7.16981   1.79396
 -0.55541   5.72478
  7.21075   3.33931
 -2.00021   3.61209
 -1.19705   4.73410
  4.07461   3.96563
  6.55247   1.79749
 -2.27816   3.77677
 -0.53018   2.80065
 -2.78832   2.63736
 -1.16054   3.23771
  4.15779   5.43672
  2.11706   4.47306
 -0.74791   5.59911
  7.42776   3.03812
  0.14189   4.86893
 -2.21893   4.15516
 -1.90471   1.75441
  4.17899   4.77924
  0.55026   5.41690
  4.27400   4.34889
 -3.33355   5.62585
  4.17811   3.86446
 -2.18950   3.31367
  0.51057   5.32762
 -1.24483   4.92183
  4.78177   1.84660
  4.05700   4.84757
  4.13389   5.41950
  2.49151   1.11355
  4.13109   4.39048
 -2.19399   4.81817
  4.19157   6.23086
 -1.04574   3.39633
  4.18639   4.45132
 -1.96790   2.82031
 -2.58099   4.73457
 -3.05696   5.61144
  1.30566   6.03747
 -1.99399   3.09219
 -0.86586   3.96686
  2.35453   1.50705
 -1.91638   5.20290
  4.12274   5.56604
  4.04469   5.52589
  1.61055   4.97828
  8.83603   2.71883
  4.64537   3.52598
  0.88832   5.59230
  5.89832   1.23802
  4.05594   3.17011
  4.18674   6.39840
  1.34589   6.00005
 -2.72286   5.04979
  5.19540   0.75681
  5.31586   2.49959
  3.71422   1.99627
 -2.31977   2.85351
  0.26659   5.72005
  1.90962   1.22253
  5.04302   1.85473
 -1.73492   2.45312
 -2.71531   2.15414
 -1.62176   1.86634
  4.13275   3.79676
 -0.78797   2.40405
 -1.88538   1.00912
  1.81784   0.86814
  4.05724   4.79998
  7.03936   1.77391
 -0.65621   4.73253
 -2.75847   1.42061
 -1.59660   3.82846
 -0.50954   2.40136
  4.05031   5.06332
 -0.50280   4.97728
  8.06271   4.17455
 -1.73982   1.24510
 -2.39505   3.24219
  4.03822   6.28579
 -2.03648   4.31152
 -2.03877   2.07747
 -2.56572   1.22953
 -2.34513   1.72961
 -2.04646   5.98644
  4.18878   3.62991
  4.18989   3.22340
 -0.95392   4.99803
 -1.92497   2.97972
 -0.73637   2.80412
  1.77211   4.58411
 -2.10901   2.05394
  4.63764   1.33894
 -0.26704   5.28404
 -2.54786   2.69157
 -2.49942   3.03294
 -1.44936   1.22400
 -2.26937   1.99129
  8.11408   2.22273
  4.77591   3.96108
  3.91171   4.33482
 -2.56210   1.60827
  4.11249   4.60085
  4.14878   3.22445
 -2.07848   4.29593
 -1.92671   3.01015
  4.91638   1.38383
  6.27526   3.65536
 -2.27561   4.80738
  4.14636   6.08756
 -2.77241   3.06074
  4.05740   4.24809
 -0.84243   4.43170
 -1.59180   2.69655
 -1.62417   3.31516
 -2.35048   2.56501
  1.72215   5.73304
  2.07537   5.85526
  7.23207   3.30246
 -3.46225   5.85794
  4.03394   4.21780
 -2.63442   2.33097
 -2.18382   3.40604
  5.74106   0.98328
  1.15546   2.38857
 -0.69204   2.86536
 -1.06233   2.56894
  4.17503   6.26407
 -1.83481   1.81792
 -2.87427   1.63710
  8.85193   2.59457
  1.05897   1.83843
 -2.24539   1.36624
 -1.45702   1.75132
 -2.52407   2.58821
  0.98076   4.41176
 -0.61428   3.06852
  2.22962   3.71274
 -2.66176   2.21220
  0.67317   5.74934
 -1.83052   5.96145
  4.06932   5.13914
 -1.66664   2.86762
  0.13171   5.80465
  1.50445   3.48420
 -3.57038   5.15402
 -1.84875   2.50985
 -2.22372   2.09355
 -2.70483   3.15706
 -0.80330   5.83172
 -2.40197   3.25791
 -2.63248   3.11399
  4.07125   3.07319
 -2.34237   1.31806
  4.15745   4.35013
  1.42757   4.61576
 -0.61692   4.09474
  4.17118   5.13654
  3.26403   3.64364
 -1.00707   2.81653
 -2.49264   3.15975
  4.99136   4.24522
 -2.85649   1.18952
 -0.60581   3.53422
  4.06509   5.63412
  4.06493   5.77408
  4.08663   4.06937
  4.05101   3.25060
  8.79129   2.05015
 -1.41831   5.94570
 -2.02601   2.43845
  1.31778   1.12069
 -1.20897   5.31779
  4.18459   4.61946
  2.02875   3.66386
 -2.24331   3.58184
 -2.02184   4.12261
  6.48802   1.87865
 -0.78281   3.34452
  4.19134   3.94238
  4.18112   6.23693
 -2.14709   1.32880
  6.15314   3.95525
 -2.16789   5.61951
 -1.48784   1.22921
 -2.02473   2.06904
  4.03781   5.32739
 -2.63552   2.01907
  4.15706   3.12940
 -1.08432   4.34116
  8.82583   2.61757
 -2.33882   1.24874
 -1.90707   2.30178
 -1.67451   4.47745
 -1.59737   2.87972
  4.12277   4.16617
 -1.79878   2.75220
  1.56818   3.66070
  6.76721   1.20109
  3.20129   2.60564
  4.11508   4.77579
 -2.12338   4.35549
 -3.27636   5.38658
 -1.72743   5.93320
  1.74103   5.43101
 -0.72077   5.32898
  4.04665   6.42364
 -2.22844   5.72790
 -1.97849   3.57522
 -1.68745   2.75981
  3.78246   3.50217
  4.11300   4.24580
  4.18293   5.37367
  3.41621   1.12305
  4.09044   3.15493
  1.65239   1.33390
 -1.11737   2.91113
 -2.06613   1.65289
  4.07903   4.00308
 -2.37973   4.34641
 -0.81002   2.71096
 -2.28189   1.54807
 -2.58252   2.96918
 -1.97232   4.47330
  4.17466   5.56522
  1.29794   0.98746
  2.06624   4.56316
  1.96160   4.51577
 -2.48391   2.00113
 -0.83573   4.41357
  1.73186   4.95735
  7.62908   3.79451
  7.65340   4.34708
 -1.34779   2.76912
  4.15014   6.09930
  7.83996   3.35457
 -1.64089   4.95993
 -3.47431   5.13643
 -3.55111   4.44811
  1.13700   5.83613
 -2.36967   5.41498
  1.89427   1.44706
  4.14960   5.27644
 -2.59725   2.06875
 -1.72741   3.50542
  0.09342   5.97463
 -1.10456   3.33196
  2.20547   4.89807
  1.44926   3.29448
 -1.65647   2.64654
  4.16358   4.16367
 -2.80621   5.36095
  1.23270   4.88751
 -2.20158   1.10145
  2.52668   1.01511
  7.69648   2.04146
  4.05617   4.60042
  6.08341   1.36482
  6.48315   3.41175
 -2.24524   3.78352
 -1.51599   1.75154
  4.08176   3.64370
  3.14406   1.71614
  0.82641   4.63562
 -0.77777   3.89303
 -2.33896   1.45409
 -0.85702   4.43646
 -2.19551   4.74799
 -1.96715   5.04019
 -1.97806   2.92714
  4.03694   4.70452
  2.85722   1.56942
 -2.04788   2.71036
  1.01656   1.16908
 -1.91045   4.70115
 -1.98329   3.22276
  7.51145   1.21556
  2.00510   3.33950
  4.07087   5.97780
 -0.70692   4.17691
  7.90408   0.63859
 -1.64374   3.00569
 -1.85667   2.79350
  2.05705   4.60456
  5.70852   1.45289
  7.86330   2.78490
 -2.24101   2.91864
 -1.20729   3.90952
 -2.14925   3.64366
  7.77217   3.16451
  0.57574   5.05413
  7.62836   3.88589
  4.11615   3.56228
  4.07564   3.66818
 -2.83339   2.24436
  6.01345   2.50529
 -3.74407   4.50940
 -3.74188   5.30317
  4.03323   5.01800
  4.07129   4.26640
 -1.34803   4.45417
  4.16207   3.07883
  4.04667   4.08485
  4.12855   6.10996
 -1.32527   4.38533
 -2.02369   4.69019
  2.03198   4.41857
 -1.51641   2.34524
  4.07894   4.04541
 -1.26963   4.75280
  4.18287   3.29210
 -2.24472   2.63816
 -2.17263   1.04830
  5.19083   2.66586
 -1.15634   2.98936
  0.08984   5.93666
 -0.88320   5.02790
  8.31740   2.67711
 -2.08444   1.34231
 -2.60723   5.19276
 -2.10930   4.55336
 -1.10810   4.03852
