  1.62144   1.80150
  1.96170   1.76138
  2.12776   0.76873
  3.60282  -2.95256
  1.88866   1.71273
  4.76262  -2.66189
  1.82060   0.51830
  4.86088  -2.14657
  3.70412  -2.84070
  1.53705   1.91928
  3.14929   4.73164
  5.30114   6.96877
  1.16716   0.12115
  1.42065   1.09900
  2.91024  -1.58056
 -1.27673  -0.98330
  1.53615   1.02662
  1.16346   3.46405
  0.35686   5.61803
  4.39881  -2.04325
  4.82503   0.83048
 -0.21073   5.60909
  1.69114   0.83269
  1.41134   0.70708
  1.65000   0.83219
  4.87174  -3.47415
  2.56284  -2.06633
  2.11876   0.88610
  4.81188   2.92155
  3.72134  -2.13872
  0.70609  -2.95005
  4.47496   0.42036
  1.24394   0.34148
  0.29024   5.28207
  0.06379  -3.03251
  0.10290   1.30198
  3.28554  -2.47832
  1.98399   1.23082
  1.19477   1.58490
  0.98382   1.30533
  5.58817  -2.11860
  1.89260   0.59974
  1.89472   1.40044
  3.07798  -2.06560
  2.98486  -2.76493
  5.70400   5.30856
 -2.60752  -3.08743
  1.09650   1.12616
  3.13506  -2.20333
  1.45313   1.38209
  2.85965   1.18388
  5.35288   1.21513
  2.04229   1.60343
 -2.37485   0.78338
  4.65758  -2.59392
  2.96801   6.33518
  1.99670   1.75757
  1.10094   0.46532
  1.14995   1.78558
 -2.22661   7.82929
  4.19975   1.64889
  2.10559   0.74660
  0.99259   1.13675
  1.38617   0.78112
 -1.26662   4.69304
  0.34525  -1.51856
  0.27787   2.11177
  0.70537   2.23423
  4.89596  -0.85877
  1.76919   2.77256
  3.56726   5.95519
  4.83260  -2.98946
  1.12095   0.50949
 -3.00950  -2.31749
  3.93989   1.18554
  1.88464   1.34408
  2.20793   7.26777
  1.17886   6.13479
  1.87697  -2.57561
  2.94187   7.20018
  1.84368  -2.28620
  1.59289   1.10778
  2.18665   1.33635
  1.74428   1.14627
  1.79131   0.99879
  4.11583   1.39991
  3.43369   3.11190
  3.51940  -2.75188
  3.56868  -2.53659
  4.36286  -2.74289
  1.47508   0.78687
 -0.02856   1.08798
 -2.05442   7.44141
  1.51967   1.75399
  5.10730   3.22866
  1.48818  -2.03223
  2.29568  -1.70319
  0.88058   1.12822
  2.48460  -2.54662
  1.43520   7.44758
 -2.88229   6.47266
 -0.43122   7.66740
  1.03414   1.18275
  1.71850   1.55947
  1.49779   3.08002
  2.83998  -2.60701
 -0.63390   5.60907
 -2.27124   5.09681
  2.79280  -1.32946
  1.75528   1.30900
  5.61799   0.11835
 -3.07093   6.15981
  2.01819   5.17893
  3.47418  -2.03447
 -1.60909  -1.57521
  1.45823   0.90802
  0.99040   0.57810
  2.48909  -2.10243
  2.46110   5.03462
  0.92439   6.43563
  4.76730  -2.15548
  1.26499   1.47103
  2.50804   0.32242
  1.78157   0.65990
  0.27597   0.70060
  1.72185   1.72459
  1.60810   0.44130
  0.63946   6.96348
 -1.53790   1.56152
  4.51845   6.84856
  1.91281   5.85520
  3.72489  -2.30735
  3.07494   3.26665
  4.26532   0.44806
  0.64134   3.34569
  1.90143   0.64409
  2.02927   0.70406
  3.76226  -2.40695
 -0.89713   6.80176
 -1.62869  -2.52153
 -1.79113  -1.29501
  0.93951   1.30035
  2.36495   0.66414
  4.82898  -2.21428
  4.28362  -3.03762
  4.31751  -2.59189
  3.06439   2.77183
  4.71209  -0.82339
  3.73435   6.39210
  1.26198   0.80023
  3.62469  -2.81558
 -1.07953   6.02798
  1.48947   6.34825
  2.60401  -2.23478
 -0.10560   7.06918
 -2.84428   7.32058
  4.88580  -2.05983
  1.40457   1.16783
  2.17724   0.86306
  0.48955   4.96892
  0.88763   1.42500
  1.48076   0.28396
  2.58849   2.04591
  5.79192  -0.67486
  1.52802   3.32864
 -3.00336   5.01856
  5.73200  -2.43373
  4.53570   0.65963
  2.00600   1.29451
  1.92180  -2.50771
  1.33436   2.77366
  3.93776  -2.96512
 -2.12963   1.06676
  1.71504   1.62132
  3.07735  -2.66943
  2.03420   1.27979
  2.68603  -0.10252
  0.79788   6.79390
  2.31248  -0.29529
 -1.17815   5.06107
  2.85518  -2.28151
  2.04203   1.60953
  5.18613   2.05222
 -0.29520   5.37454
  1.20341   0.52442
  1.61335   1.71735
  0.52433   2.71911
  1.13079   0.45888
  1.72670   0.34464
 -1.26980  -1.02615
  3.73121   6.31859
  4.22993  -2.72415
  5.06639   0.72937
  1.44052   0.94580
  5.57670   0.79327
  0.11269   0.51753
  4.60011  -2.71322
  1.69641   1.56537
  3.70198   0.38907
  2.98829  -2.26291
  1.66780   0.60308
 -0.64019   0.34446
 -0.39901   2.69968
  2.00105   1.45566
  1.19394   1.38554
 -0.16700   2.61592
  1.90237   0.55954
  1.88572   0.36039
  0.16638   2.68364
  2.91684  -2.51045
  2.39162   0.33982
  4.28606   6.95384
  3.42876   0.62370
  2.82078  -2.17351
 -0.43863   1.47324
  4.88974  -0.34454
  4.67947   5.72491
 -2.46667   5.80894
  4.46124   7.08332
 -0.20881   1.60625
  4.08310   6.92421
  5.55195   6.76874
  1.23004   5.03835
  3.04225   0.30672
  2.00443   7.56076
  5.08202   2.29346
  0.96467   1.67104
  1.91984  -2.61739
  4.76025  -2.08649
  4.42591  -2.62253
  2.63964   2.37337
  2.53989   7.10492
  4.23807   1.06026
  1.01477   1.75429
  1.66279   1.28614
  1.69694   4.81962
  3.90866  -2.88662
  0.86435   2.97968
  1.96010   1.61161
  1.00780   0.56226
  1.89520   0.51097
  2.24401   7.18106
  4.76851   3.49930
  2.19015  -2.11726
  1.97106   0.44246
  1.17942   5.97198
  2.98368   1.56427
  2.68668  -2.35780
 -1.17392   6.14623
  2.85485  -2.01405
  2.43698   5.22783
  2.15506   1.59686
  2.15088   1.35822
 -0.34914   0.84257
  5.04040   2.55401
  4.17069  -3.19924
  4.48144  -2.43910
  1.45555   1.03224
  1.35137   0.46335
  3.68699  -2.25004
 -0.46754   6.03643
  1.07047   5.09888
  1.62892   2.38010
  2.23348  -2.10631
  1.24822   1.70691
  1.50768   1.23264
  1.23032   0.55262
  1.42641   0.30335
  2.30923  -2.35819
  4.21380  -2.21885
  1.72424   0.51265
 -0.30505   0.40036
  1.96290   0.78661
  4.78146   3.53047
  1.53140   0.52875
  2.78329  -2.08486
  1.66938   0.93937
  1.26995   1.76944
 -1.09338  -2.28027
  0.35549   6.46237
  0.51042   2.72605
  1.66589   3.45600
  0.59088  -1.21387
  3.10909  -2.76947
  3.18334  -3.01202
  2.20009  -2.80600
  3.77606   1.84123
  1.30598  -1.53464
  1.35618   0.42152
  2.74160  -2.13320
 -1.74970   6.37714
  1.55281   1.16512
  3.58595  -2.94738
  4.02213  -1.60803
  2.77387   7.73012
  2.01136   0.49531
  1.55793   1.57953
  4.24555   0.36805
  4.86167  -2.07713
  4.74154   2.55679
  1.25613   0.86082
  2.19352  -2.17150
  2.80907  -2.10503
  0.43286  -0.07295
  1.16117  -2.44166
  3.80462  -1.51961
  2.46637  -2.88449
  3.96514   0.78898
 -0.38895   6.80722
 -2.92310   1.14164
 -0.41529  -2.64917
  2.29526   0.86713
  1.32961   0.38323
  4.91480   7.41446
  4.84991   1.28200
  0.94387   0.27776
  1.73297   1.65932
  2.05664  -2.90945
 -0.98412   7.01459
  1.47695   1.32467
  1.09961   0.93669
  1.52639   0.68262
  1.85433   0.69223
  2.04315   1.50236
  2.18542   0.29129
  3.46898   3.27987
  0.08823  -2.22652
  1.00667   0.82537
  1.36472   2.49729
  2.36225   2.92814
  0.97780   1.76369
  3.22315  -2.81712
  1.18654   0.80195
  1.70045   0.93757
 -1.41175   7.07314
  4.16739   5.21547
  0.90317   1.41107
  1.27256   1.40895
  4.03482  -2.99363
  4.36697   1.11439
 -3.02308   6.95443
  0.58477   0.57629
  0.65344   2.34769
 -1.52745   6.13663
  2.37301  -2.60297
  2.57440  -2.81738
  1.47040   0.94148
  4.71493   7.14118
  4.84235   2.59983
  2.15448   5.30353
  1.74252   0.77630
  3.27594  -3.23668
  1.73754   0.56378
  2.11011   1.29475
  4.20427  -2.57641
  1.27244   1.75837
  4.38956   2.21504
  1.74763  -0.04725
  1.28644   1.33116
 -0.75598  -1.49607
  4.12891  -2.53686
  5.04365  -0.45570
 -3.04970  -2.61037
  1.59639   0.18673
  3.90722   7.30915
  1.61250  -1.33863
  1.29726   0.29104
  3.79041  -2.98352
  3.67964   1.49755
  1.60045   0.67718
  2.06975  -2.74799
  1.90518   0.89109
  5.31854   6.35584
  1.85348   5.20343
  1.76744   5.73069
 -0.67272   6.55061
  5.59409   7.22612
 -2.47297   5.88260
  1.82959  -2.44864
  1.58159  -0.25354
  2.33370  -2.55048
  3.49080  -2.16816
  1.38042   0.32372
  1.57280   1.76058
  3.46311   3.31362
  5.36131   2.70713
  1.33837   5.93257
 -0.14528   2.40238
  4.25557  -2.39680
  0.29957   0.69204
  0.43005   3.24546
  2.84281  -2.64059
  2.55586   0.80852
  3.21451   2.90752
  1.86978   7.61991
  4.88443   7.46207
 -2.16979   5.84491
  1.35668   0.50685
  3.30077   0.56436
  1.42468  -1.25657
  2.17131   0.36096
 -2.39286  -3.34187
  5.07435   2.43096
  2.86096   7.61320
  5.73414  -3.41344
  4.29988  -2.72772
  1.48928   1.13284
  1.69671   6.26213
  4.51342  -2.50333
  4.58432   7.47266
  5.61847  -2.68375
  5.69023   7.27011
 -0.54010   6.48722
 -2.32111  -0.47528
  0.76866   7.87932
  1.81618   0.55566
  2.03968   0.85168
  4.67051  -2.48769
  1.51362   1.45985
  3.26368  -2.07631
  3.71713  -1.08211
  1.31546   6.70579
 -0.32791   5.34241
  2.08537  -2.10770
 -1.68267  -2.13882
  1.49274   0.52756
  2.28429  -2.01978
  1.02130   0.99845
  4.61789  -2.70999
 -0.48109   0.25516
  0.41811   6.55581
  1.88975   6.97204
  1.60002   7.28643
  0.14490   5.85976
  4.67896   0.43113
  2.94259   6.39991
  2.14122   0.27699
 -1.86805  -2.32973
  2.04279  -2.37531
  4.60652   2.13122
  1.01152   0.19286
  3.40206   1.16995
  2.33538  -2.25504
 -0.27949   0.76889
  4.89824  -2.56230
  2.84691   0.81770
  1.41449   1.35605
  4.25258   6.92343
  2.11348   0.44677
  5.14064   5.57874
  3.12536  -2.66705
  1.63666   3.15534
  3.60676  -2.92960
 -1.87697   5.44346
  2.79586   0.49009
  1.64018  -0.03781
  1.18304   0.36391
  3.11915   1.07634
  3.98002  -2.54800
  4.06169  -2.97661
 -1.70969   5.20707
  4.09241  -2.54234
  2.65063  -2.81663
  0.19230   2.90312
  2.90755   5.02458
  1.69919   1.40526
  3.49745  -3.23698
  0.45618  -1.57694
  3.16299  -2.75980
 -0.57824   1.24093
 -2.84378  -1.57489
  1.92278   1.30247
  2.70001  -2.44284
  1.96892   0.41336
  0.38186   3.48065
  2.13902   0.91111
  1.35965   0.29704
  4.54238   4.75284
  1.41169   1.00856
  2.68907  -2.03262
  1.08925   0.03300
  1.70540   2.15186
  4.42467  -2.77220
  3.31974  -2.26682
 -0.02466   1.29817
  2.24817  -2.11798
  1.07960   0.99421
  3.94450  -2.26301
  1.60851   0.75083
  1.67008   6.46773
 -1.45720  -1.84095
  1.95433   0.76069
  2.73643  -2.70951
  4.62895  -2.61300
  1.16499   0.52210
 -2.27308  -1.87602
  2.71585   1.17564
  3.17738   0.77542
  1.21189   0.81871
  1.64214   0.29117
  2.05064   1.00894
  1.83390   3.57234
  3.15413  -2.77141
  1.54704   1.32456
  1.44992   7.61139
 -1.91789   6.83029
  1.00239   5.48063
  4.22387  -2.94470
 -1.21422   1.35192
  2.86867  -2.23440
 -1.38981   1.44772
  5.31119   1.26659
  4.02802  -3.09978
  4.26427  -2.39346
  0.87533   4.76467
  3.08324   7.72055
  0.95577   2.76092
  2.46283  -3.03278
 -1.10621  -2.31873
  5.19382   5.27345
  4.19259  -2.74768
 -1.14494  -1.59472
  1.58628   0.99757
  3.94948   2.73193
 -1.77121   5.40733
  2.58133   0.60911
  2.59458  -2.48868
  1.79191   1.09443
 -1.26170   1.27781
  1.01727   1.38100
  3.71615   2.37714
  3.56845  -2.28469
  2.40915  -3.02185
 -3.03759  -0.00221
  1.96042  -2.08071
  5.49169   0.60246
  2.48167  -2.31968
  3.36895  -1.77590
  1.90663   0.97344
  5.08474   1.67205
  3.39117   5.28435
  1.18694   1.05415
  4.61866  -3.44541
  1.54357   0.84263
  5.64710   7.73624
 -2.46757   1.64224
  2.05999   1.70719
 -0.61004  -2.45728
  1.97632   1.20205
  4.88269  -2.61593
  1.39169   1.39930
 -0.55181  -2.30676
  2.19084   4.64816
  2.10424  -2.96569
  1.25501  -2.74980
  4.25551  -2.25828
  1.66010   1.43884
 -0.88682   0.03490
  2.83473  -2.67877
  2.01232   5.28339
 -0.46038   1.58646
 -3.15219  -0.23313
  1.88549   5.53525
  4.43074  -2.68388
  1.29807   0.87865
  1.72337   2.17783
  2.95903  -2.08304
  4.02265  -2.57025
 -0.17870   2.92424
 -0.30485   0.75128
  1.23817   0.61007
  0.83481   1.54387
 -2.06409  -0.89098
  1.59167   0.94353
  0.21034   6.94680
  2.14634  -2.86859
  4.16513   1.38871
  4.38328  -2.30629
  1.35853   0.60759
  3.43685  -2.05120
  2.83834   0.43449
 -1.95812   4.73153
  5.42246   6.61092
  4.52562  -2.26759
  5.02830   4.74995
  4.53035  -2.78229
 -1.62394   6.53594
  2.28966   1.94036
  1.86487   1.60057
 -2.34809   0.56298
 -2.77658  -3.19118
 -0.44624   0.67937
  5.65070   1.60376
  4.44801  -2.76995
  4.49151  -2.95413
  1.88065   3.60434
  4.89680  -2.74963
  4.07659  -2.08251
 -1.69657   6.75147
  2.11035   1.62366
  2.20476   0.60310
  1.44189   1.68529
 -1.63128   7.30035
  3.45209  -2.05904
  3.25195  -1.31162
  2.10193   0.64424
  4.67489   3.03143
  0.90355   0.40333
  2.43173  -1.64013
  4.45881   1.13273
  1.75872   0.34860
  4.46585  -2.20033
  4.76996   2.15532
  2.79063  -2.07456
  2.49742  -2.64230
  4.37272   2.05190
 -0.22397   3.44349
  2.08870   0.58055
 -1.96995  -0.23566
  4.01567  -2.61504
  2.37045  -2.62456
  4.68226   3.27448
  5.72621  -2.13156
  4.00770  -2.69621
  4.50901  -2.46783
  4.27864  -2.00966
 -1.53641   0.40724
 -1.50790   5.41092
  1.24686   7.58016
  5.20504   3.45906
  2.03680   0.31098
  1.87056   1.22680
  1.91236   1.37823
 -2.60930   5.42856
  0.96041   7.37243
  4.73318  -2.53125
  1.68832  -2.92324
  3.49064  -2.79937
  4.17413  -2.11792
  4.03386  -3.38668
  4.87855  -2.00377
  1.17573   0.35544
  0.97312   1.51742
  4.61210  -0.60552
  2.15627   0.93502
  2.18516   0.85931
  1.79076   1.67428
  4.91277  -2.14633
  1.15337   1.49103
  4.53075  -2.22645
  3.77719   3.51548
 -0.04584   3.60073
  0.33339   3.26163
 -0.32004   7.56729
  4.68409  -2.29086
  4.08300   5.11339
  4.98087   6.85393
  4.85845  -2.19893
  5.84301   1.47197
  0.26029   3.45059
  4.60634  -2.97787
  4.75699  -2.37507
  2.55771   7.80818
  1.29385   0.77757
 -0.23800   1.21640
  2.03930   1.29010
  1.12318   0.37562
 -0.05195   0.55023
  2.35994   7.14749
  3.98833  -2.85034
  1.75390   0.84400
  3.66030   5.17856
  4.88611   5.17254
  4.44711  -2.45502
  2.05668   7.83172
 -1.25966   5.42015
  0.84999   5.70021
  1.23539   1.22238
  2.26560   7.54324
  4.85969  -2.49780
  1.69052   0.80099
  1.83211   1.92592
  2.61188   0.31516
  1.59963   0.87973
 -0.95931   1.10025
  3.03766   2.37763
  0.73648   1.22735
  4.76405  -2.26941
  1.63169   1.45742
  2.04888   1.68764
  3.53653   2.60126
  4.04928   6.69454
  3.28506  -2.81123
  2.07419   0.85218
  3.71957   1.17721
  3.30670  -2.29266
  0.53526   6.91792
  5.40747  -2.75661
 -0.81235   5.82953
 -0.77886  -3.33464
  5.58200  -2.51899
  1.01435   0.78406
 -3.05321  -1.28371
  1.09927   6.74615
  4.24415   2.09479
  5.23975   0.10543
  2.28768   2.78380
  5.18107   1.99602
 -1.42508   7.83631
  1.36698   1.36879
  4.54787   1.54563
  0.75197   7.32120
  0.20825   0.64205
  5.53096   4.64864
  1.05339   1.84585
  4.10200   0.30326
  5.50557   5.65986
  4.70702  -1.31849
  4.06458   5.77850
 -3.06284   6.82167
  1.85990  -0.76989
  5.60397  -3.10592
 -1.88114   6.81385
  3.26263  -2.88177
 -0.21859  -2.21740
  2.50714   3.26816
  3.01553   2.94972
  4.44990  -2.43572
  3.03992   0.42209
 -0.62359   6.91697
  5.66664   3.44965
  3.45227  -2.22892
 -0.29154   2.58215
 -0.37715   2.32783
  0.03473  -0.75164
 -0.25038  -2.10640
  5.10862   2.00900
  5.28221   3.46203
  2.93912  -2.27789
  2.09396  -2.59970
  4.27289  -2.81035
  5.64543   6.77885
  2.51846  -2.38854
  3.80690  -2.60509
  4.69176  -2.24186
  4.72122  -0.79631
  1.09167   1.05729
  1.13873   0.49235
  3.69722   5.51066
  2.53038  -2.53312
  2.66393  -2.73115
 -0.74782   7.73710
  5.22767   5.25916
  2.54557  -2.95949
  4.13344   2.12342
  1.00870   1.49346
  2.92722   2.11336
  4.06920  -2.77820
  1.99002   0.81941
  3.84292   1.77503
  0.93202   4.97638
 -1.44156   5.10056
 -2.34051  -2.51023
  3.02851   1.80469
  2.91492  -2.97489
 -3.01473   0.14799
  2.14741  -2.81583
  1.07657   0.43836
  3.99404  -2.99850
  2.25290  -2.18095
  1.11858   1.41408
  4.90427   1.18714
  0.90673   1.17902
  1.27689  -1.45852
  1.93335   1.07258
  2.41356  -2.13675
  2.10929   1.79821
  0.03919   3.58808
  3.69448   0.92198
 -0.59603   3.05963
 -3.13042  -1.74220
  3.18617   4.64824
 -0.49763   0.54349
 -1.64055   4.68485
  2.53045   0.41412
  0.93905   6.56521
  1.20041   1.10193
  2.58106   7.28126
  4.71378   6.15566
  3.80968  -2.74670
  2.01487   1.06578
  2.66953  -2.34923
 -0.99859   7.86752
  2.09519   1.68074
  3.74659  -1.73528
  0.55748  -3.12725
 -1.11859  -0.72603
  2.85084   6.88660
  5.23157   3.39366
  0.90619   1.69931
  3.44602   2.80207
  4.99634   5.61466
  3.52308   6.60752
 -2.26573  -0.10230
  4.75106  -2.09947
  4.60648  -0.16228
  2.02050   0.55248
  1.97137   6.98372
  4.69895   3.01792
  4.59621  -0.25533
  1.85053   0.89753
  2.55396  -2.06414
  1.21964   1.00530
  1.28239   1.60184
  5.58004   6.00906
  4.00510  -2.30395
  3.60880   0.76745
  2.40323  -2.32780
 -0.65810  -1.86971
  2.44677  -2.97761
  3.77767   2.04537
  2.24412  -2.62413
  1.92947   1.05202
  1.60912   0.54890
  1.00074   1.17413
  1.43426   2.29659
  3.48415  -2.11581
  0.32588   2.16305
  3.60085  -2.67798
  4.74480   1.57227
 -1.83566  -1.34275
 -2.69562   1.52715
  1.48891   1.53893
  1.41109   1.18754
 -0.92736   4.63361
  1.99468   1.29960
  4.20870   3.08164
  1.53260   7.18267
  1.54133   0.78926
  2.54530   5.96791
  5.15286   6.47263
  4.84991   6.50648
  1.69065   0.47787
  3.65339  -2.89607
  0.04460   4.97446
 -0.36835   1.47684
  5.64812   1.18407
  4.39997  -1.90769
  3.42702   3.12858
  5.45232  -1.43278
  2.10507  -3.00992
  3.02798   2.60966
  5.82122  -2.22331
  4.98830  -3.00107
  2.76018   7.90076
  1.44894  -1.00239
 -0.61062   6.67497
  1.75369   1.76136
  2.37401  -2.88164
 -3.01136   6.42019
 -0.17000   6.57362
  5.20456   1.23134
  1.57936   0.86752
 -0.07895   1.28089
  1.62978   0.95577
  3.67052  -2.31184
 -0.79729  -0.61882
  4.56669  -2.68124
  4.94168   5.84413
  1.58067   0.93582
  4.23670   6.05767
  0.99566   0.46536
  5.04513   3.41980
 -2.39885  -2.88039
 -1.59081   1.50378
  1.34699   1.75277
 -2.29277  -0.45029
  4.27659   2.85924
  1.19591   1.34213
  4.48544  -2.93070
  2.56435  -2.51811
 -3.04799   6.59632
  4.21307  -2.48178
  1.32039   2.01420
  2.32830  -2.65082
  1.51348   4.66891
  1.76138   5.28361
 -0.22168  -1.94500
 -2.79449   7.27380
  2.86594  -2.53758
  1.23093   1.45086
  2.09085   1.67692
  2.04859  -2.72855
  1.84416   1.43430
  4.04506  -2.72408
  1.78674  -2.87722
  1.52526   0.87228
  1.30641  -1.89289
  5.37384  -2.47589
  2.80232   2.96362
 -2.81475   5.58539
 -0.54315   6.37314
  4.70506  -2.94417
  1.66659   1.00310
  5.77921   2.02207
  1.18089   1.53647
  1.99298   1.31106
 -2.42051   4.74233
  1.09706   0.87835
  1.87509   0.92390
  1.43978   0.62332
  3.84125   1.34588
  1.95767   1.67525
 -2.49420   1.48940
  0.10213   2.63952
  2.63186  -2.45517
  2.16069   1.71208
 -0.87425   5.10766
  4.17921  -2.42537
  3.94350   0.26847
  4.17874   7.28680
  5.26971   3.27177
  2.61051  -2.68998
  0.68789   3.01704
  2.78897   1.41492
  1.87575   1.55274
  5.86361  -1.16652
 -2.64206   4.83768
 -2.37716   7.17790
  4.45413  -3.18445
 -1.29047   6.97339
  2.53299  -3.01267
  1.10955   1.17706
  1.36903   0.42883
  2.11357   1.62802
  3.85593  -0.07652
  1.92816   1.61640
  3.33478  -2.84589
 -2.13773   5.41147
  0.26034  -0.39648
  0.97184   0.46854
  0.99705   1.26565
  2.10836   1.41835
  2.13006   1.48447
  5.70565   1.19431
  4.64432  -1.60172
  0.79279   5.62334
  0.21975   2.68500
  1.91999   0.77759
 -2.24230   6.80726
 -0.61886  -0.28142
 -0.90984  -3.30856
  0.96578   0.31280
 -0.37634   3.50701
 -0.50115   5.42805
  4.61595   3.18134
  0.32779   1.41313
  3.81773  -1.25524
  0.95897   0.48576
  3.53412  -3.00508
 -2.94110   6.83227
  2.58414   2.35887
  4.00383  -2.25126
  4.20198  -2.73277
  1.22941   0.48526
  3.68103  -2.04066
  4.28163  -2.14140
  2.92085   1.02501
  2.25578   2.27463
  4.37927  -2.31719
  5.72648  -3.01425
 -0.14358   5.79217
  3.00010   1.42574
  0.98917  -0.05637
 -0.52087  -1.62681
  2.28824  -2.60368
  2.39428   0.43846
  0.87716  -0.13431
  5.63154   2.79489
  1.95948   1.13332
  1.46948   7.49199
  0.80603   2.25635
  3.76976  -2.48144
  1.62467   7.42604
  0.06012   5.47431
  3.98135  -2.73232
  2.67308  -2.43723
  2.07840   0.90644
  3.35309  -2.96764
  4.76636  -2.01182
 -0.33316   0.67942
  2.17571  -2.34571
  3.02191   2.52133
  4.19212  -2.54547
  2.90970  -2.57053
  1.89734   1.38467
  3.61729   0.34585
  2.78990   1.03759
  1.03292  -1.40596
  2.22951  -0.08869
  1.33719   0.43151
  0.96871   0.50231
  5.59030   2.75935
  4.12482  -2.92523
  5.28676   6.98127
  2.73951   3.24951
  1.69272   1.63036
  3.37816  -3.00268
  0.40310   1.97002
  4.21162   3.58641
  0.86412  -0.16726
  3.77940   0.79476
 -3.16502   7.80728
  1.68904   3.19938
  4.16322  -2.95930
 -0.51120   0.49624
  3.52622   0.98550
 -0.07954   0.63019
  4.45019  -2.13962
  1.05131   2.77075
  3.02244   6.50278
  1.13991   7.59993
  2.63926  -1.35764
  2.11630   0.64931
  1.12223   3.08741
  0.97993   0.59429
 -0.95768   7.06844
  1.04683   0.88466
  0.96573   0.83615
 -3.07427   7.74821
 -0.42947   6.14449
  3.74061  -0.56886
  3.32722  -2.29553
  2.07471  -2.46725
  1.06287   1.69105
  2.08031   0.34052
  1.61457   0.79077
  2.38342   3.11180
 -0.34372  -2.50847
  1.51398   1.19498
  2.70968  -2.91821
  3.02226   1.41815
  2.74660  -2.56854
  3.69208  -2.51987
  5.29216   5.76069
  2.27572   1.70973
  1.71373   7.38978
  1.69953   0.48399
  5.62479   0.59327
  2.50450  -3.02105
  4.32002   4.74831
  4.79544   1.11020
  1.20220   0.33091
  1.85075  -2.82363
 -0.16628   2.91089
  1.50578   1.27524
  4.12756  -2.95635
  1.36011   1.23027
  5.63093   3.52283
  1.82432   2.74477
  1.58498   6.34996
  2.06532  -2.22356
  0.36810   6.54430
  3.29545  -2.88527
  2.21224  -2.49044
 -1.50407  -0.92468
  4.84983  -2.30544
  2.02446   0.71356
  1.01983   0.38854
  5.58516   0.82565
  1.75693   1.67108
 -2.04813  -2.14984
  2.17955  -2.07036
  4.55634  -2.80935
  1.41450   1.81133
  1.85978   1.59528
 -3.08760  -0.08617
  5.32318   7.65145
  1.48185   1.14099
 -1.49238   5.76555
  3.52558  -1.56934
 -0.63546   5.97949
  0.92374   2.69611
  3.43939   3.48845
  2.61104  -2.86888
  2.15339   0.96525
  0.06288  -3.28548
  3.28913   0.77408
  0.91964   1.22436
  1.88754   6.04281
  0.46684   5.17984
  4.29509  -2.28280
  2.74388  -2.95367
 -1.17421  -2.15756
  0.90893  -1.27667
  4.72652  -2.78108
  0.96436   1.65170
  2.05755  -2.63403
  2.40927   1.31181
  4.43437   0.60966
  4.49091  -2.28308
  3.41479  -2.71476
 -0.45098   2.53910
  2.53259  -2.70830
  3.26004  -2.78425
  1.18657   6.45052
  1.77160   1.25428
  3.96247   6.01692
  4.36446   0.67783
  2.88934  -2.98198
  1.79661   0.53254
  0.01657   3.19002
 -0.52982  -1.02502
  0.27075   6.83259
  1.01777   0.63308
  4.40944  -2.28652
  1.44006   0.80750
 -1.94313  -0.66475
  5.24321  -0.87963
  2.10100   1.10672
  4.18945  -0.75761
  4.68985  -2.05550
  4.01800  -2.14616
  2.00373   0.52137
  5.12659   2.97883
  2.99380   5.57496
  5.22746   0.63464
  3.77675  -2.86810
  4.73468   1.45681
  3.98775  -3.42647
  0.94623   0.73498
  1.02008   0.63471
  2.52745   7.55258
 -0.58297   3.02018
  1.72726   1.72843
  0.70326   2.80554
 -2.04559   6.58109
  2.71507  -2.57710
 -2.90517   6.25041
  4.06580   4.67969
  2.06972  -2.72924
  1.62170   1.28542
  0.08992   5.44347
  4.44785  -2.76015
  1.76160   1.15567
  5.03499   1.17266
 -0.69642  -1.42759
  3.73997  -2.12053
  3.05808  -2.45842
  1.09190   0.37352
  1.59983   0.83014
  3.55628   0.57516
 -0.62441  -3.00429
  2.00705   1.07686
  2.00350   5.89835
  1.85880  -2.55285
  1.51469   1.09934
  1.65305   0.35736
  2.07842   0.87259
  2.14241   5.60040
  4.59309  -2.52447
 -0.92658   6.74807
  1.27050   5.51009
  4.75993  -3.34490
  2.84341   0.82685
  1.90518   0.77772
  4.69231  -2.09191
  2.08585   1.70014
  3.31054  -2.87538
 -1.29175  -0.35261
  4.06212  -2.15662
  4.87067  -2.25851
  2.25428   5.85683
  2.10285   1.71163
  3.85693  -2.71931
  3.29478   0.41914
  3.36159  -2.89437
  1.96164   1.75782
  0.99366   1.61756
  3.50359   1.09455
  2.75000   3.15919
  5.31156   1.66808
  5.45446   4.98746
  3.56926   6.93102
  1.23692   1.35501
  1.89932   0.69567
  2.00588   7.12013
 -1.53293  -0.87954
  1.72095   5.38043
  3.30245  -2.70235
  1.95493   0.75678
 -1.81740   5.33473
  1.16567   3.37410
  4.92228   1.04126
  1.99230   1.09864
  2.38261   7.91063
  1.03280   1.21643
  2.35074   6.42340
  1.17364   1.78653
  2.22738   3.21075
 -0.44978   7.52432
  2.08573   0.10563
  0.54222   3.11788
  1.22871   0.78931
  1.07764   6.18233
 -1.87614   4.81842
  1.03217   0.49629
 -2.73912   0.87204
  1.39386   1.71099
 -1.97057   7.58545
  1.86695  -2.53244
  2.17543  -0.11535
  2.26258  -2.87907
  1.82446   2.91208
  5.53245   5.95966
  2.06618   1.26123
  3.67813  -2.47909
  1.51380   3.50451
  5.39529  -1.54682
 -0.57519  -1.15807
  0.71842   5.01016
  1.13085   0.64427
  3.14855  -3.13445
  2.01648   1.53809
  0.80435   3.28800
  4.52706   4.82425
  3.31323  -2.83885
  3.89115  -2.25899
  4.04113   5.28522
  1.76143   0.88990
 -2.50217   5.21639
  2.26348   0.29374
 -0.09454   4.77672
  3.65330   6.13211
  4.22290  -2.68463
  3.36870   7.77842
  1.99819   0.30768
 -3.12542  -1.62218
  2.76216   6.18667
  2.17990   0.44811
  3.16528   7.59732
  5.01358  -1.30740
  2.04831   6.68416
  1.11015   0.97727
  2.28244  -2.95408
  2.18040  -1.74481
  4.16528   7.61569
  3.72013  -2.51642
  1.55451   1.36156
  1.41975   5.33506
  4.62237   6.88674
  5.34695   6.38824
 -2.67995   5.91347
  0.46342   5.85112
  1.45441   1.20190
 -2.35780   6.73157
  2.48691  -2.43835
  4.31940  -2.30104
 -2.46020  -2.81963
  1.21264   0.98419
  5.21702   6.00473
  3.87333  -2.11916
  1.44123   1.57333
  1.63959   0.30579
  4.39258   3.05097
  3.64888  -0.54559
  1.36382   1.13484
  4.89702   1.27539
  4.71068  -2.69716
  1.61830   0.83234
  1.64711   1.43043
  0.09797   2.26755
 -0.09943   7.77223
  4.12433   3.24080
  3.38802   7.91410
  1.93810  -2.03547
  0.55397  -1.92426
  2.39174  -2.57077
  1.73700   0.99534
  1.57545   0.60524
  1.14688   1.73020
  0.94359   3.18922
  4.54492   0.60463
  5.30144   1.82772
  4.92708  -1.77716
  1.97994  -2.28985
  2.36193  -2.62070
  0.21350   1.17611
  5.33721   6.12633
  1.61080   2.92361
  0.98338   1.19283
  4.18378  -2.51506
  1.58148   1.06617
  4.78760   2.88926
  1.73356   1.21020
  1.24808   3.16931
  0.09458   7.64478
  2.87868   5.49982
 -0.56428   3.59644
  0.63633  -2.18552
  1.54259   0.34019
 -0.42525   1.75160
  3.04080  -2.29954
  1.58017   7.71318
  2.22364  -2.83793
  3.81424  -2.31573
  3.46965  -2.57028
  4.83363   0.76681
  4.54829  -2.05179
  1.89322  -2.92833
  4.21499   0.82180
  1.45285   1.25180
  4.08878   7.43768
 -2.23312   7.58055
  0.94168   0.95571
  1.06283   0.33069
  1.76339   1.54690
 -2.92097   5.94382
  0.29454   2.59304
  3.88190  -2.42530
  5.86966  -2.41015
  1.88792   0.28781
  5.85125  -0.89790
  2.26635  -2.25656
  0.94976   1.80574
  1.61988   0.58040
  1.06673   1.23509
  1.64096   5.69951
  1.06903   0.91259
  4.00839   1.87648
  3.58879  -0.05881
  0.98698   1.61339
  1.59504   2.87899
  3.65481   7.41331
  2.14476   6.42723
 -2.05552   7.09046
  1.30331   0.33280
  0.92027   0.33559
  1.93606   0.93075
 -0.12044   4.65074
  2.71147   4.67500
  2.21134  -2.37962
  0.60530   5.84475
  2.16553   0.45300
  1.71577   1.01352
  4.92094   5.05866
 -0.17473   0.19843
 -0.42674   6.45066
  0.33143   7.13130
  0.57281  -1.59452
 -0.44476  -0.59018
  1.81545   0.65757
  3.05060  -2.56550
  4.56752   1.06594
  1.63058   1.36144
  4.50965   6.23472
  4.31303  -2.69606
  4.70373  -2.23835
  1.02949   5.06275
 -1.43572   7.08246
  3.08637   6.73962
  2.95360   7.37506
  2.08029  -2.37939
 -3.04985  -1.00413
  0.90614   1.54961
  3.03726  -2.87798
  1.88333  -2.17983
  3.64265   3.25969
 -2.63587   5.41545
  3.22026   4.75254
  2.38670  -2.01906
  0.26245  -0.78353
  1.49428   0.96984
  0.03211   2.05551
  3.17289   0.96797
  2.02486   1.19012
 -2.27222  -0.52781
  2.74587  -2.71525
 -0.51860  -0.47363
 -2.68820   5.25017
  1.87947  -2.68206
  0.94851   0.38213
 -2.30687   7.09810
  5.10635  -2.62442
 -0.56511  -0.21799
  2.96273   2.45984
  5.08891   2.11186
  3.81850  -2.72141
  1.56622   1.16644
 -0.63978   5.47211
  0.56538   5.97451
 -1.56092  -2.17296
  3.39564  -2.13447
  1.01964   1.54416
  1.05270   6.68772
  2.71864   7.32374
  3.54204  -2.35921
  2.68846  -2.00559
  5.41339   1.70180
  4.54670   5.83829
  1.22104   0.74146
  1.71267   1.06869
  0.19533   3.57964
  0.12905   3.55220
  4.42951   1.31371
  1.99161   0.81358
  2.57832   0.84189
  0.64940   1.09850
  5.11767   5.16679
  4.16074  -2.25142
  2.59943  -2.22115
  1.01241   1.29450
  1.84583   0.49927
  1.28144   7.54817
  1.53387   0.33452
  2.12704   0.66918
  1.31809   1.01011
  4.04880  -2.33889
  1.16481   1.63225
  0.43815   6.14186
  3.63838   0.75086
  3.88421  -1.11923
  0.11188   6.42749
 -2.58556   6.56447
  2.01724   1.38071
  4.18718  -2.70081
  1.96658   1.16205
  2.92329  -2.21628
  4.19539   1.46510
  4.34428  -2.57203
 -0.44066   2.31078
  1.04594   1.42044
  4.53069   0.57358
  0.03452   3.31608
  1.22626   0.84980
  5.26025  -3.29406
 -2.62557   4.78689
  2.44190  -2.66875
  2.96039   2.87031
  4.48352   1.62498
  1.72352   1.67249
  5.79012  -0.43344
 -2.94911  -1.82087
 -2.24587   5.76799
  5.50863   6.50519
  1.68645  -2.48053
 -0.17392   2.27838
  3.28948   3.13713
 -0.88467  -3.13631
 -2.34309   4.64116
  0.67984   0.33753
  2.23130  -2.79963
 -1.55750  -0.03273
  1.27286   0.38982
  2.56901  -2.66309
  5.63149   5.35146
 -1.67012  -0.09667
  5.66135   1.31665
  2.18591   0.67855
  2.95047  -2.07081
  1.87160   7.81689
  1.65221   1.63745
  1.10105   0.42899
  2.03454   1.42302
  2.85304  -0.71912
 -0.59061   1.38870
  2.24601  -2.94322
  2.04486   0.56851
  1.95883   0.42963
  0.43153   0.09684
  0.56814   0.62787
 -2.32260   7.60116
  0.90859   2.16494
  2.94172  -2.12699
  3.87180   5.80931
 -0.92284   5.58413
 -0.09334   2.56120
  4.20978   2.50824
 -2.74064  -0.83662
  0.26316  -2.05211
  4.47496   0.93294
  0.87546  -3.36521
  5.38648   1.70780
  0.47495   5.59754
  4.30451   1.92675
  4.93961   7.49996
 -3.11140  -2.55002
  1.91316   2.45783
  1.06797   1.63108
  2.13822   1.56321
  1.99230  -3.08772
  0.73605   3.53128
  1.94089   0.63080
  5.35357   2.01661
  4.46529   6.03452
  0.94575   0.55031
  2.09342  -2.19948
  2.28466   5.32760
  2.33772   5.55874
  1.36028  -0.26642
  3.46731   1.53293
  3.16567   7.42111
  2.44722  -0.48910
  1.40080  -3.04941
  1.14373   0.91353
  1.17148   0.72090
  0.69954  -2.37114
  1.41610   0.44606
  0.55190   4.66082
  3.60870  -2.84701
 -1.61496   7.31983
  1.88340  -3.01271
  4.73279   2.29558
  1.47880   1.33775
  4.54663  -1.08702
  4.97018  -1.87472
  1.82993   7.27402
  1.75248   6.76611
  4.49663   3.22815
 -0.56901  -1.16483
  5.43013  -1.73433
  3.74772   1.92897
  3.35230  -2.08065
  1.22294   1.14521
 -0.96817   6.76986
 -0.27134   6.53754
 -1.85965   4.89159
  1.16110   0.30391
  4.80762   6.66419
  0.17657   2.50418
  1.37687   1.73768
  0.90617   1.77457
 -2.85595  -1.02281
  0.77509   7.54519
  2.90042   6.25001
  2.94782  -2.55709
  1.08598   1.55299
 -0.22761   7.44510
  1.20291   0.46087
  4.60267   2.08678
  0.01241   6.92929
  1.51682   1.67460
 -2.91430  -2.53233
  4.32969   3.33600
  2.23282  -0.34454
  1.07254   0.64211
  0.91405   0.46968
  4.43377   7.77685
  3.58459  -2.15629
  1.66640   0.93798
 -1.46133   7.31149
  3.39624   4.88559
  5.77332   1.51780
  4.09317  -0.51772
  5.14949   5.11553
  3.97834  -2.06930
 -1.28051  -2.53574
  0.19118  -1.63051
  1.85008   1.79130
  2.56924   1.23847
  2.79319   0.09521
  1.88947   0.38723
 -1.85771   1.22685
  0.50615   6.00082
  2.92711  -1.04140
  0.91433   0.62559
  1.71245   6.92406
  1.27736   0.64058
 -3.15667  -1.10121
  2.47220   6.88668
  1.70577   2.33898
  0.07436   1.33416
  1.28814   0.41687
  3.54973  -2.08163
  3.82028  -2.32946
  1.50909   0.89590
 -2.79500   7.07991
 -3.03070   0.71962
  4.85976  -2.84184
  2.40761   5.33342
  1.42580   0.78761
  3.58429  -1.82281
  1.08732   1.36028
  0.71854   5.40008
  3.73968  -2.59673
  1.28525  -2.55128
  0.85877   7.91900
 -2.29553   7.73082
  4.19543  -2.47621
  4.21563  -2.54820
  2.92488   3.13148
  3.62798  -1.86574
  4.32044   6.24313
  1.05115   4.81564
  0.75568   2.51187
  1.98374   1.15833
  1.86652   1.05095
  4.47346   5.94743
 -2.68421  -0.70340
  1.57505   1.12282
  3.84449  -3.00027
  0.95815   7.69191
  3.48806   4.83253
  1.40981   1.49174
  4.00204   0.35224
  2.87187  -2.95757
 -2.64333  -1.92173
  4.60875   7.70814
  0.17876   0.97325
  3.16227   2.19507
  1.96926   0.74586
  3.76191  -2.71566
  2.86281  -2.64285
 -2.28201   6.31784
  4.39833  -3.02525
 -2.51184   4.98313
  2.07492  -2.54570
 -2.60693   7.21853
  0.76475   1.62868
  3.05691   0.51627
  1.26378   1.05872
 -0.65703   6.66195
 -0.86999  -2.53493
 -3.15934   7.70896
  4.41681  -2.42254
  4.19923   3.22254
  4.36344  -2.57481
  1.51568   0.93778
  2.25663   2.13839
  4.29841  -2.93406
  4.66147  -2.19274
  3.91285  -2.92656
  1.92510   2.40730
  4.04575  -2.82291
 -2.01450   6.75922
 -0.69643  -1.18161
 -3.10310   6.38354
  4.43975  -2.76379
  4.88395  -2.18892
  1.76112   1.64954
  4.15488  -2.09580
  2.24219  -1.19143
  0.98583   1.07487
  1.46232  -2.37873
  3.94144  -2.95259
  1.88855   1.22344
  1.42776   7.09831
  1.07288   4.68492
 -0.65100  -2.50418
  5.07850  -2.57261
  1.02248   0.61832
  3.27865   6.40595
  3.64229   1.56185
  1.90457   0.79656
  0.87447   2.62771
  3.35497  -2.01621
  4.32759  -2.44865
  2.69475  -2.88091
  5.08860   2.19841
  5.56578   3.13257
  4.76538  -2.86927
  4.63471  -2.97864
  2.94941   2.52345
  5.08557   1.64291
 -0.05433   6.41310
  1.96322   0.30366
  1.56390   0.45556
  1.29842   0.56975
  1.72833   1.34373
  4.72354  -2.78782
  1.03320   0.77717
  3.61428  -2.64055
  2.01911   1.25838
  0.08870   3.19055
  4.54447   2.44898
 -1.22109  -1.08181
 -1.85017   1.24064
  1.50477   1.43061
 -0.32432   3.60912
 -1.43629   7.10042
  5.54128   7.67235
  5.38219   0.86155
  5.33404   3.18619
  5.03493   4.90258
  3.37758   5.14349
  2.26515   2.32415
  2.25831   0.97378
  1.76431   1.27408
  1.43030   0.99530
  4.26711   0.56256
  1.76064   7.53351
  2.84016   1.62246
  2.13109   0.27962
  1.38079   0.68587
  1.78516   1.24086
  1.41708   1.07828
  1.45088   0.96244
  4.85605   1.55754
 -2.41260  -2.53996
  1.82116  -2.49076
 -0.39010   1.55034
 -2.30103   6.22321
  1.23805   0.44518
  1.49152   1.20474
  4.43358   7.05598
  5.75306  -0.55648
 -0.00307  -0.72119
 -2.98955   0.89293
  2.69485   0.42488
  0.63082   0.44326
  1.22376   0.26513
  1.21861   1.54065
 -0.21175   2.42437
  1.39954   1.44146
  3.56191   1.24165
  5.77938   0.83711
  3.57759  -2.52781
 -0.88831  -0.22056
  0.91947   1.56694
  4.60905   1.33599
  3.17751  -2.59214
  3.19405  -0.48954
 -0.43336  -2.03447
  2.56689   6.78171
  4.80459   0.72679
  1.70020   0.47087
 -0.11059   5.56714
  4.34570   7.52889
  2.77134  -2.46249
  4.12315  -2.87834
 -1.66577  -2.21893
  0.25780   2.48427
  3.21133  -1.92183
  1.61377   2.79165
  2.12162   0.83898
  4.50050   6.83308
  0.99010   5.78752
  2.24229   1.32665
  4.61067  -2.86540
  2.04709  -2.55692
  5.58275   5.71941
  4.54155  -1.44256
  1.69139   5.68430
  3.63760  -2.70289
  0.89560   3.45641
  1.02952   1.60369
  3.25643  -2.42841
  1.68050   6.52860
  3.75098   3.33496
  4.72967  -2.95058
 -0.60982   5.06462
 -0.57005   2.83748
  0.96047   1.77791
 -1.21386  -1.10596
  3.66568   6.95508
 -0.18281   6.25351
  1.33297   1.61802
 -0.46221   7.11799
  4.34015   6.90011
  2.13288   0.54227
  3.88441  -2.30595
  1.72425   3.63405
  1.45811   0.34087
  2.11880  -1.53144
  2.10124   1.38852
  2.39070   4.98218
 -0.95296  -1.59818
  0.09920   2.95974
  1.94364   0.28645
  3.10573  -2.67938
  2.77044   5.20260
  2.14808   3.02426
  4.88325  -2.64064
  3.57487  -2.81778
  1.89279   0.58625
  2.18470  -2.11346
  1.90738   0.95764
  0.22914   6.05719
  4.23210   2.06194
  2.95615  -2.36958
  3.86868   1.42757
  2.49549   1.69510
  1.35815   1.73009
  0.95771   1.24871
  1.49131   1.52331
  4.49705  -2.41494
  5.83945   0.28577
  3.54451  -2.42753
  4.54427   6.43858
  4.54065  -2.28942
  1.50356   0.40423
  1.58178   1.32236
  2.12583   1.05544
 -1.58639  -2.78640
  3.06550  -2.57483
  2.78929   1.30984
  2.06239   1.35212
 -1.91317   6.17058
  1.03578   0.85530
 -0.33966   7.76536
  2.96148  -2.15814
  1.31794   0.40345
  1.91282   0.82923
 -1.45023   0.87096
 -2.40732   0.05886
  2.01130   1.12085
  3.10593  -2.06248
  2.52506  -2.27832
  1.40891  -0.82953
  4.89439   0.75908
  5.68072   2.06169
  3.13496  -3.03387
  2.46086   2.26835
  5.53529   2.78487
  1.16251   1.35104
  1.25549  -0.21130
  2.05233   0.73792
 -2.77075   7.72149
  3.14191  -1.49519
  4.81640   1.76753
  1.25231   0.65635
  1.04354   2.34714
 -0.06397   1.52800
  5.83406  -1.12187
  3.62768   6.55755
  3.93875   5.32750
  0.54286  -0.79116
  2.16676   1.43356
  2.36378   2.17944
  0.48221   1.20161
  0.55521  -2.33284
  2.05732   1.02722
  1.15361   1.09420
  4.82255   0.33814
  3.48440  -2.22131
  1.21704   5.52463
  1.16063   1.49303
  1.99209   0.39792
  4.00333  -2.77107
  1.94346  -2.03277
  3.27346   2.58517
  1.98431  -2.27297
  2.34287   0.55351
  4.04423   7.19394
  4.35954   1.41553
  3.05757  -2.32686
  2.86939  -3.01902
  2.40387  -2.56382
  1.40316   0.46725
  0.12836   2.08616
 -0.13420  -0.09184
  4.17209   7.82894
 -1.37492  -0.10198
  3.54518   6.91186
  1.57669   1.64875
  2.44843   3.48000
 -1.01929   7.17173
  4.95209   5.06802
  3.69178   7.67883
  1.85583   1.47239
 -1.61237   5.17026
  3.51103   3.00764
 -1.01947   5.28876
  1.82303   0.35813
  3.03338  -3.03076
  0.44868   3.12403
  1.17881   5.08931
  4.00286  -2.00362
  3.28668  -2.80029
  1.92764  -0.84890
 -2.55754   5.11614
  1.73647   1.66820
 -2.39586   4.95130
  4.39089  -0.04757
  1.06173   4.94810
  4.65818   0.63984
  2.88183  -3.02708
  4.86936   2.02690
 -2.07382   6.79166
 -0.01033   5.20869
  3.34471   0.83396
  1.98972   1.37906
  1.28367   1.53891
  1.36410   0.30532
  2.38181   2.66546
  1.91843   0.56739
  2.13447   0.53337
  1.27504   1.40777
  0.08154   2.79374
  2.95531  -1.62866
  4.40219   0.35765
  1.89613   1.04932
  3.57126   0.80502
  3.19495   0.81513
 -2.32210   6.28248
  2.48644  -2.07336
  2.19112   1.96150
  0.04135   2.71843
  1.88256   1.11565
  3.03701   2.38718
  5.50108   0.70399
  1.87235  -2.07023
  2.22406  -2.22883
  4.55246  -2.12711
  5.69570   2.98092
  2.14422   1.14838
  3.54277   2.56660
  2.62439   1.50483
  3.26973   1.59613
  5.15381   1.46873
  1.40102   0.61208
  3.68522  -2.18804
  1.23718   0.99783
  2.81790  -1.98858
  1.81470   0.84279
 -0.32997   0.48538
  1.40460   6.45114
  1.57599   1.07346
  1.83257   1.00966
  1.30121   7.43629
  1.87748   0.49487
  3.02527   1.23239
 -0.47679   6.70791
  2.38087  -2.71513
  1.83172   1.04107
  1.50429  -2.82082
  1.55710   1.42474
  4.11894   2.05566
  1.75170   0.36913
  4.67779  -2.56722
  3.64538   7.19064
  2.56440  -2.25375
 -3.13828   7.43509
  4.83382  -2.62728
  1.95969   0.73533
  0.77414   6.25561
  1.75793   1.18671
 -2.24450  -0.38672
  3.49625   1.38405
  1.25507   1.08810
  5.03354   6.60077
 -2.06640   7.31787
  2.79551   7.01582
  4.34964   0.66257
  2.08518  -2.81856
  3.86213   5.94509
  2.95753  -0.40517
  1.96825  -0.49869
  2.09236  -2.33534
  1.60741   2.23132
  1.99002  -2.05288
  1.32698   0.60440
  2.09041   1.36960
 -2.25374   1.15358
  1.18730   1.64730
  3.12877   1.99645
 -1.92653   7.77827
  2.78871  -2.76069
  2.61143  -2.72268
 -0.74046   4.99658
 -0.03371  -3.08787
  4.83104  -2.49314
  2.12477   1.16072
  0.63692  -2.11412
  5.66171   1.38791
  0.84326   2.40175
  5.25141   2.31296
  4.87686   0.99030
  4.77964  -2.56200
  2.85192   3.10470
  2.24881   5.58212
  3.81890  -2.19598
  2.14348  -2.43440
  0.92186   0.53799
  4.73646   6.28066
  3.91271  -2.52763
  3.90546  -2.78526
  3.91952   1.99838
  1.12398   1.46683
  1.74367   1.17009
 -0.72827   4.72159
  3.62254   1.08336
  3.63628  -2.15982
  5.71268   1.05682
  1.63358   0.69232
  1.65915   0.82710
  0.17632   5.88631
  2.15282   0.97912
  0.15836  -1.62543
 -3.03536   6.06976
 -0.80851  -2.50521
  2.14515   0.03387
 -1.06039  -2.10028
  1.04475   3.16143
  3.81506  -2.86233
  0.98195   1.80627
  3.49643  -2.24880
  4.82624   3.04953
  2.04698   1.38525
  2.01286   1.59839
