 -2.04984   1.60717
  0.56116  -3.07133
 -3.31262  -2.12271
 -0.26002  -2.25245
 -1.37668  -4.22386
 -2.87429   0.25351
 -1.42543   2.22865
 -4.10808  -0.34638
 -0.11308  -2.84365
  2.27300  -3.34723
 -4.44868  -2.71909
 -5.32490   1.63467
 -2.32595  -0.42391
 -3.12633   1.21744
 -2.95730   2.95835
  0.06530  -3.46066
 -0.20673  -4.44640
 -2.51952  -0.95210
 -3.89601  -1.49120
 -1.64123  -2.02609
 -5.45065   0.25692
 -2.33047   6.16723
 -4.75172  -2.83516
 -3.60015  -1.18990
  4.50151  -5.44547
  5.46511  -3.29786
  4.11063  -4.13306
 -5.26543   1.16719
 -3.67044  -0.97959
  0.74108  -2.84618
 -4.74867   4.17843
  2.31387  -6.17927
 -2.48625   1.82102
  3.39438  -5.12899
 -3.07806  -0.18398
  0.46525  -1.98417
 -2.17946   1.31459
  3.76448  -2.81116
  2.05538  -3.49795
  3.57079  -3.16623
 -3.08610   0.05687
 -5.27360  -0.83653
 -6.30442   1.29205
 -3.41444   1.70280
 -0.79312  -4.62142
  2.89525  -3.12017
 -0.66565  -3.41515
 -6.02746   2.40733
  1.90429  -3.85386
 -3.17043   1.21688
 -3.14010  -1.79716
  1.10776  -3.26326
  2.63069  -2.93922
 -3.62600   1.24509
 -2.96765   1.73658
 -0.24422  -2.52063
 -3.75831  -1.90020
 -4.80577  -1.29440
  4.31155  -3.67861
 -1.47476  -2.03780
 -2.96101  -4.36630
  4.16423  -4.14962
 -0.13244  -3.38596
 -0.02660  -4.83194
 -0.52956  -4.47346
  1.08541  -5.35068
  4.87287  -3.46678
  0.65981  -1.85890
  1.39489  -3.19105
 -3.42361  -1.62569
  0.75103  -1.82469
  3.52917  -2.91047
  0.42159  -3.99973
  2.76772  -4.60568
  2.24870  -3.46693
 -4.44571  -0.52155
  3.24297  -3.11278
  0.56788  -5.77124
  4.87562  -2.40173
  1.28067  -2.33693
  2.01497  -3.91552
 -3.15114   0.17663
 -4.75965  -0.52821
 -0.04631  -1.87477
 -2.57604   0.58405
  4.57831  -2.96470
  1.36805  -5.75240
  1.44444  -6.05403
 -4.06462   3.99009
 -1.53535  -0.80148
 -2.40145  -1.30476
 -0.32797  -5.04827
 -3.00076  -3.53716
 -3.81164   1.08547
  0.24226  -2.18190
 -2.43492   1.98304
  3.02139  -4.19271
 -3.40091  -0.30332
  3.81914  -5.29303
  0.95314  -3.74911
 -3.69766  -1.17613
  3.72024  -5.86018
 -5.41782   0.74540
 -0.36747  -4.65099
  5.80719  -3.79483
  2.63409  -5.80103
 -0.78551  -2.66917
  1.87950  -2.54870
 -2.18909   2.72853
 -5.87272   2.23022
  4.55095  -3.43633
  5.20228  -3.79043
 -4.61355  -3.59247
 -3.59045  -1.53076
  0.69132   0.06514
  2.84269  -2.82006
 -2.39237   3.21388
  3.19998  -2.43675
  0.73176  -3.68525
  2.30140  -5.01689
  1.07109  -3.47933
 -3.94143   1.23374
 -3.35961   1.45717
 -0.86691  -1.19255
 -3.94115   0.97020
 -2.12523  -5.00122
 -2.74772  -4.20506
 -3.30506  -0.51319
 -3.94657   0.78568
  4.26322  -3.19804
  0.23511  -2.62009
  3.31119  -1.80371
 -4.38897   0.18359
 -3.80137  -2.42479
 -3.16503   0.05532
 -3.35721  -1.81468
  1.61352  -5.82883
 -3.30814  -0.22770
 -3.19573  -4.16748
 -3.89891  -0.19925
 -4.03546  -1.21690
  3.73952  -5.63627
 -0.70240  -0.14924
 -3.67391   0.19155
  5.29550  -2.30844
  3.97361  -4.80108
 -5.69575   1.75568
 -3.78089   0.85124
 -0.33479  -3.45205
 -1.42712   2.24461
 -3.69354  -2.29426
 -4.18366   0.90424
 -3.72876  -2.29302
 -0.57777   2.10731
 -2.12886  -0.98152
  4.88991  -4.98786
 -0.56126  -2.61316
 -3.85213  -1.16749
 -3.11267   1.23324
  0.86153  -0.82551
 -2.25561   1.10602
  7.23836  -2.69704
  1.20515  -5.35151
 -4.54679  -1.18011
  1.93110  -4.29787
  3.23602  -4.73912
 -3.50656  -2.14807
  4.76756  -6.22746
  1.88661  -2.27271
  3.59094  -3.59194
 -1.42783   1.25535
  2.97333  -4.21729
 -3.09890   0.18293
 -2.14096   1.23123
  4.09655  -3.13982
  0.18093  -1.87938
  3.91819  -4.19193
 -2.21641   1.06979
 -0.46517  -5.37683
  1.58045  -3.25676
 -2.34970   2.69566
 -2.06801  -1.26749
 -2.35918   1.53097
  1.13009  -4.88630
 -5.56416  -1.19181
  0.19548  -3.98500
 -3.76048  -1.23331
 -0.75500  -5.75199
 -5.07736  -0.03733
  0.25689   0.33890
 -5.28178  -0.01284
  5.20210  -4.29566
 -4.36557   0.16308
  2.86437  -2.47340
 -0.84056  -3.15345
  3.05036  -6.36091
  2.19349  -4.30798
 -4.31051  -0.87590
 -2.26381   0.62602
  3.34968  -4.41225
 -0.04850  -3.52484
 -3.08575   2.39174
 -4.25809   1.09964
 -4.20926   0.18215
 -3.38189  -1.94878
  0.83654  -4.13463
  4.70454  -4.87169
 -4.15756   0.12014
  0.28506  -3.40465
  1.29470  -6.45473
 -3.06335   2.14315
 -3.33857  -2.93031
 -2.69113   1.91059
  4.74001  -2.28099
 -0.08230  -0.46677
 -2.76861   1.45010
  1.41860  -2.94799
 -2.10794   2.03265
  0.90808  -2.34038
 -3.64957   0.14854
 -4.75102   2.11417
 -3.53924  -1.34162
 -0.45711  -0.86975
 -0.63958  -3.61098
  1.88354  -5.65827
 -4.42414  -1.29194
 -1.33233  -2.21107
 -5.44719  -0.85817
  3.58842  -3.03636
 -3.56827   2.19967
 -3.69454  -2.63449
  0.66140  -5.04943
  2.12186  -3.68358
  5.43829  -3.71133
 -5.14387  -0.37257
 -2.99877   2.62895
 -5.17472   1.36276
 -0.90061  -1.86874
  1.59440  -3.95718
 -2.33574  -1.72168
 -2.11024   0.67968
 -2.04618  -1.30924
  4.59707  -2.62813
  3.05303  -3.69975
 -3.26279  -1.04327
  1.88886  -2.85228
  2.24696  -3.80150
  2.46674  -3.53585
 -2.26116  -1.88634
  4.04292  -2.45810
  0.27648  -0.87559
 -3.11847  -1.22898
  2.65606  -5.51423
 -4.34544   0.36937
 -3.88712  -3.32236
 -0.03341  -4.80744
 -6.33145  -0.24642
  2.14022  -5.74341
 -5.30567   1.35509
 -1.89007   1.52674
  1.51704  -3.34759
 -1.63836  -2.07981
 -4.99920  -0.82108
  3.34739  -2.94254
 -5.57106   0.59438
 -0.43521  -3.45803
 -0.64567  -1.87624
 -0.81417  -1.05569
  1.79624  -2.90811
  4.94047  -2.36107
 -3.11275  -0.21843
 -3.26048  -0.93269
 -4.15806   0.31590
  3.56936  -4.42179
 -0.00894  -2.74934
 -0.00272  -1.30792
 -0.15709  -1.26229
 -4.34056   0.79556
 -3.73151  -1.56480
  0.07533  -1.48419
  4.65677  -2.79723
 -5.88370  -3.10372
 -4.75635   3.85374
  0.77324  -3.72124
  0.31767  -1.83499
 -5.12810  -2.64089
 -1.30750   0.10345
 -2.31080  -0.76065
 -3.21156  -2.16367
 -2.26112  -3.92407
 -3.13396  -4.04607
  1.17149  -4.68422
 -3.61505  -1.93390
 -2.51753   0.51379
 -3.53414   4.02636
  0.39119  -1.07344
  1.17311  -2.66820
 -4.29011  -2.72061
 -3.83580  -0.71621
 -1.42081   0.87042
  2.31261  -1.92369
  2.99904  -4.58658
 -1.59533  -5.92704
  6.66566  -2.68648
  2.84963  -3.82563
 -1.03256  -3.60978
 -3.33019  -2.20313
 -2.71857  -1.63095
 -1.18511  -1.85613
 -4.28523  -2.55386
 -3.98419  -2.18421
 -3.36171   1.09612
  0.39273  -2.37416
 -0.47913  -0.78685
 -4.09804   0.90516
  3.19521  -4.51614
 -5.38079  -0.24149
 -1.08662  -4.01884
  0.55984  -3.02591
  1.85785  -2.37273
  1.51076  -4.62589
  5.75996  -1.85714
  0.94138  -0.02383
  0.63884  -2.15937
  3.96436  -4.53348
 -4.38914   0.45834
  3.24694  -2.73350
  3.05512  -4.01208
 -0.88607  -4.79443
  1.21260  -3.38814
  5.51460  -5.19011
  5.07141  -3.46685
  4.03772  -1.18902
  2.45391  -2.35621
 -2.26153   1.19978
  0.70309  -3.16488
  2.58764  -3.48494
 -0.99876  -4.00655
 -5.55455   0.43576
  2.97717  -3.17347
 -0.89895  -2.04793
  0.71105  -0.35167
  3.23952  -3.72051
 -4.89415  -2.18874
 -4.74661   0.33042
  3.26876  -3.14067
 -0.77289  -3.54603
  3.78056  -4.14965
 -2.01496  -3.69039
  2.01770  -3.77029
  4.65023  -3.61536
  0.07487  -2.90838
  2.61831  -3.07442
 -0.34516   0.35476
  0.06401  -1.04058
 -0.16259  -1.34256
 -0.05126   0.16714
 -3.12140  -0.74145
  4.31948  -3.76046
  4.42939  -4.30463
  2.39149  -2.53112
 -0.44263  -3.02500
  0.12983  -3.87025
 -0.08828  -2.86507
 -0.16671  -2.92044
 -5.33749   2.01290
 -2.69333  -0.24240
  5.05838  -2.25048
  0.39135  -0.00624
  0.11487  -2.74857
 -2.44327  -4.30726
  2.81674  -3.51935
  1.01916  -2.69591
 -0.94594  -2.32367
 -5.75964   0.10348
 -2.79694  -0.60749
  0.37668  -2.63798
  3.41166  -3.52721
  2.34516  -3.86808
  0.49399  -4.03750
  4.94127  -1.57188
 -0.95199  -2.44946
  7.84858  -3.04626
 -3.02388  -1.51485
 -3.52197  -0.47391
 -0.42046  -0.76584
 -3.05891  -1.30144
 -0.63547  -5.52271
 -2.96508  -1.93075
  0.44330  -3.86687
  3.00810  -3.98114
  5.40606  -1.82202
 -4.88522   0.49411
 -2.13023  -1.90981
  2.44343  -4.08964
  1.78869  -4.97463
  3.66384  -3.80373
 -1.57725  -1.50860
  3.31399  -6.45676
  7.22495  -3.56772
  1.61717  -3.54207
 -3.99940   2.59958
 -4.27850  -0.66255
  1.49873  -5.40123
 -2.88498   2.43552
 -4.89422   1.99609
 -4.25207   0.84208
  0.98766  -2.38891
 -4.74362   0.50738
 -4.33914  -0.04422
  9.38267  -5.20531
  3.05617  -4.28339
  4.06386  -1.95847
  0.37321  -2.41094
 -1.49487  -3.02102
 -3.41439   0.90277
 -2.82176   1.85473
 -3.72256  -3.10098
 -4.38257   0.09977
 -1.71563  -1.69236
 -2.50159   3.79993
 -3.17956   0.01397
 -3.64090   0.51622
  0.65468  -0.21215
  4.22498  -3.61011
  1.01968  -3.53806
 -5.85688  -2.15589
 -4.68707  -2.21261
 -3.73975   2.92656
 -5.07222  -2.62032
 -0.47064  -2.41599
  3.28816  -4.02542
  1.61044  -2.71072
 -0.02872  -3.66392
 -5.19112  -0.30095
 -4.47533   0.64812
  6.55315  -2.91474
  1.54498  -3.14890
  2.94731  -3.84673
  1.37313  -3.77281
 -1.61073  -0.44297
 -3.31088  -1.27901
 -3.64365  -1.30915
 -4.39035   4.63169
 -2.87574  -3.26380
  5.07097  -4.07641
  0.12810  -2.52365
 -3.47907   2.10244
 -4.15110  -0.07126
  0.39728  -2.06093
 -5.67246   1.74971
 -3.95619  -0.96071
 -0.69489  -0.96497
  3.61504  -6.83209
 -0.02872  -1.55486
 -5.17164   2.06766
 -3.70746   0.29234
 -0.16201  -1.15594
  1.42797  -4.05645
 -1.84063  -2.62332
 -3.40349   2.76229
 -0.50108  -1.22744
  0.11737  -2.87531
 -0.31648  -2.17168
  0.75441  -2.58133
 -0.16544  -2.77169
 -4.41802   1.37864
 -0.62206  -2.49806
  6.53968  -3.87627
  2.88366  -4.64210
  0.93535  -4.60137
 -5.24367   3.55399
  4.77019  -5.20434
  5.38132  -3.79523
  0.26194  -2.82737
 -3.38411  -0.11723
 -4.25097  -1.45801
  5.12478  -2.35351
  4.54411  -3.85981
  1.22328  -3.29671
 -2.70925   2.33764
  2.35805  -4.81173
 -2.30734  -4.44713
 -1.04558   3.11061
 -0.28449  -1.35577
 -4.40251  -1.50687
  0.31194  -4.82012
  1.47199  -2.99894
 -4.15001   0.31825
 -1.06786  -2.48127
  3.74579  -2.32258
 -2.44581  -1.04015
  0.31485  -1.70221
 -0.51669  -0.11992
 -2.33155   2.50054
  5.43680  -2.82192
  2.78570  -2.59038
 -4.11265   0.62640
  0.74405  -1.76298
 -2.25523   2.91049
  0.48737  -2.98207
  1.20039  -3.51042
  0.44329  -2.22830
  0.60013  -0.69735
 -3.40163  -3.25258
  2.24371  -4.97463
 -0.73380  -1.90869
  0.18439  -0.74894
  0.99088  -4.00125
 -0.48658  -1.69157
 -3.78839   0.49064
  0.29796  -3.52249
 -4.35208   1.08848
 -4.38764  -1.13488
  0.82554  -2.82601
  3.85861  -3.30896
 -3.17525  -3.50587
 -5.39059   0.35049
  0.04501  -4.62634
  2.95349  -3.38331
  1.34186  -3.42380
 -0.78386  -1.77216
 -3.56405   2.06554
 -3.62250   0.58003
  2.82724  -2.33703
 -4.44762   1.21967
 -4.58242  -0.40909
 -1.41059  -5.35175
 -4.10374   0.69886
  3.97642  -2.75411
 -4.12978   0.43296
  0.05607  -1.21036
 -4.96795   1.85462
 -5.04118  -2.41574
 -2.56035  -1.82961
  0.77891  -4.52689
  3.93702  -3.49368
 -2.14783  -3.63177
 -4.78529   0.45018
  1.31228  -3.37084
  3.10781  -5.12090
  0.01645  -3.93571
  2.15512  -3.03094
  2.27716  -4.11367
  0.00605  -2.15324
 -4.72718   1.85172
 -3.75120  -0.77316
  4.14633  -4.29567
 -2.37350   0.04372
  0.68768  -5.72888
 -0.86211  -1.13835
 -4.13571  -3.39032
  1.10560  -4.05485
 -3.88822  -0.66685
 -4.17937  -1.07905
 -3.82661  -2.80010
 -4.69178  -1.80753
 -4.31215  -0.66202
 -4.47641   3.74894
  1.56814  -2.56978
  3.46072  -2.03411
  2.50481  -4.47070
 -4.42229   1.60849
  0.43988  -2.75005
 -1.10950  -4.15127
  1.07553  -2.03486
  3.60867  -3.80880
 -0.36902  -3.41810
  2.61974  -2.72954
  1.44505  -5.40194
 -0.88784  -2.00782
 -2.95393  -3.69554
  0.35351  -0.24826
  1.44811  -3.21890
  5.31677  -2.56089
  4.93504  -3.31500
 -4.07891  -0.87849
 -2.56772  -1.50383
  0.64869  -3.10878
  0.48764  -4.25654
  4.21624  -3.45749
 -0.41308  -2.53635
  4.26200  -3.55166
 -4.40737   1.18395
  1.75848  -7.10548
 -1.97078  -1.54878
  0.30253  -4.26668
  1.59395  -6.14874
 -3.16600  -0.06951
 -1.53197  -1.73134
  1.33831  -2.66000
 -2.04579  -3.75294
 -0.31754  -1.68108
  0.02810   3.57927
 -5.52896   0.66197
 -3.23973   0.38726
 -4.26226  -0.69050
 -4.48824  -0.92759
  3.04862  -6.42393
 -6.72790   0.86877
 -3.02765   2.14195
  0.67763  -4.97925
 -1.15953  -1.99875
 -1.08680  -1.58275
  4.36956  -2.77697
  0.89307  -3.49706
  1.00368  -1.54952
  1.65943  -3.38802
  2.58043  -3.32598
  2.06658  -2.47165
  3.66216  -2.10931
  4.23750  -3.12780
  1.49563  -4.29061
  1.71287  -2.72654
  2.61581  -4.86057
 -0.11734  -3.39958
  3.41111  -3.39100
  0.38930  -2.49568
  1.15204  -3.19777
  0.34634  -3.43221
  2.71523  -3.36127
 -4.94349   1.35768
 -1.69674  -1.75930
  4.29171  -3.34516
  0.87368  -3.75063
  1.04327  -4.09310
  1.23762  -3.59255
  3.88316  -3.51557
 -2.07342  -0.66511
 -1.48769  -3.66323
  5.30931  -3.31886
 -4.54818  -0.61066
  3.83079  -3.37462
 -4.73798  -0.25629
  4.01320  -4.36863
 -2.93087  -1.56366
 -3.32994   0.80011
 -0.77217  -1.69554
  0.91151  -1.88412
 -3.89113   0.63891
  0.85850   0.02966
 -1.86630   1.47951
  3.75900  -2.54821
  3.40057  -4.77033
  3.71975  -3.03368
 -0.83974  -3.62717
  2.52982  -5.90666
  0.31186  -5.23619
  3.27838  -4.08623
 -2.93451   0.13379
  0.36160  -2.51719
 -3.49478  -2.29019
 -2.41250  -3.78509
  3.35590  -3.10567
 -3.92495   0.60295
 -4.84670   0.40590
 -4.52258  -0.63308
  0.14216  -2.38202
 -4.36069   0.84137
  0.08271  -2.36452
  3.41337  -5.28156
  1.30879  -3.35757
 -2.99419   4.93742
  0.41032  -4.58778
 -2.53774  -2.78395
 -1.45245  -1.90886
 -3.68472  -2.88425
  0.40121  -1.76897
 -0.46151  -2.15139
 -3.56587   0.99923
 -0.33334  -2.26591
 -3.35721   1.48533
 -1.31783  -3.84981
 -5.02686  -0.70394
 -2.16555  -1.57435
 -5.02587  -0.53772
  2.92763  -2.45627
 -2.82265  -0.04117
 -3.31377   0.22614
 -3.74327   0.21136
  2.84866  -3.10529
 -1.54402  -4.21019
  0.20262  -4.15113
  0.25866  -1.00002
 -0.31841  -2.87148
  3.13978  -4.21851
  0.52397  -3.13007
 -3.34542   1.10248
 -5.07285  -1.31282
  2.44658  -2.79460
  5.43526  -2.69856
  2.09462  -2.45880
 -5.30632   0.14336
 -0.40325  -0.95656
  3.30679  -2.91604
 -0.56473  -1.92634
  0.33555  -3.79554
 -4.79413   2.42030
 -0.66096  -2.93891
  4.41082  -3.77336
 -4.50709  -3.35389
 -5.67386   0.93586
  3.64048  -3.86968
 -5.12126   0.14050
  4.49637  -4.50946
 -3.71314   4.36952
  0.55650  -1.26312
  2.88879  -5.57029
 -3.17422  -3.22806
 -1.50881  -0.27879
 -4.69610  -1.34360
 -0.05965  -0.51642
 -0.38201  -1.28607
  2.00914  -4.38319
 -2.20770   1.92786
 -2.01059  -0.77469
 -2.92569   0.57125
 -4.72720   3.01438
  1.85892  -4.36889
 -4.62414   1.25378
 -0.07922  -2.63238
  2.57317  -5.06149
  0.47715  -2.79404
 -4.94608  -3.27134
 -0.87454  -4.92728
 -3.16369   1.33952
 -0.07303  -1.50765
 -1.19051   2.89947
 -0.97977  -1.74259
 -2.62435   0.86036
 -5.93382   0.43969
  1.49959  -4.53194
 -0.02021  -1.78343
 -2.46922  -3.18434
 -0.04181  -2.63070
 -5.73843   1.34565
 -4.57354  -0.06925
 -5.01441  -0.94887
 -0.04623  -1.90721
  2.76484  -4.67615
 -3.75332   0.02596
 -0.62894  -5.40764
 -3.69454  -1.29550
 -2.76377   0.62820
 -3.38613   5.43967
 -5.78918  -0.39013
 -3.69139  -1.30040
  3.72876  -2.91199
  1.61388  -4.48801
 -3.69937   0.44389
 -4.79797  -1.48359
 -5.21599   1.14276
 -3.15367  -1.32977
  0.33051  -2.04291
 -3.80038   1.64935
  4.47718  -2.47896
  1.20605  -3.62795
 -3.52958  -0.99840
 -4.49750   0.72943
  3.26138  -3.49781
 -6.06035  -1.31967
 -5.06627   0.11008
  2.87056  -3.78023
 -0.73045  -1.57811
 -0.94418  -1.61320
  4.85654  -3.17692
  5.25077  -2.95643
 -2.74365   1.38493
  1.91068  -5.71577
 -2.67371  -4.60202
 -0.25094  -2.07816
  0.50041  -0.29512
  1.00970  -3.71054
 -0.51151  -2.04213
 -3.74552  -1.22228
  0.55183   1.13941
  0.72444  -1.76483
 -1.17822  -1.27590
  3.92725  -3.14956
 -1.07249  -2.43504
 -3.84623   1.06006
  3.48331  -2.91681
  2.59457  -3.18985
 -2.29566  -0.48689
 -1.06120  -2.39318
  4.18858  -3.42499
 -3.87553  -4.09862
 -0.10159  -0.33577
 -5.19293   1.21252
  2.69776  -3.45046
 -2.47717  -0.98471
  3.44615  -3.93621
  3.41048  -3.32235
  1.76907  -5.64871
  2.64894  -4.16728
 -4.43998   1.31430
 -0.72134  -1.60889
 -6.66975   0.03307
 -3.10212  -0.37642
  0.28654  -4.22759
 -3.90554   0.94911
  3.84422  -6.85123
  1.55377  -4.16721
  0.94633  -6.03448
  0.08394  -3.27195
 -5.84842  -0.71183
  1.01443  -2.22588
 -3.59505   4.79161
 -1.32117  -3.36567
  0.46629  -5.36431
  4.34910  -7.55638
  0.17021  -2.67282
 -3.49577   1.35227
  0.11713  -1.68927
 -4.23397  -1.59543
 -2.80691  -1.34023
 -3.25312   0.13861
 -1.35404  -2.65153
 -3.43568  -1.71615
  3.04986  -3.72582
 -4.05103  -1.98214
  2.94861  -2.68145
 -5.13475   1.29300
  1.86083  -3.48781
  0.73023  -4.08006
  0.95275  -2.23095
 -5.84364   0.27206
  4.58427  -3.39231
  0.27753  -4.25254
 -3.07188  -1.86581
  2.86213  -4.53998
  4.49117  -4.66218
 -4.07395  -4.22929
 -0.88656  -1.15115
 -3.11741  -0.01683
  2.56212  -3.23469
 -3.85719   0.22818
 -2.39964   0.49927
  1.44279  -2.98973
  2.80093  -3.49956
 -1.28149  -2.34708
  0.41583  -1.54444
 -2.26089  -0.92257
 -4.24256   0.22059
  2.46033  -5.45860
  5.11673  -4.00189
 -1.26556   1.02622
  6.46598  -4.17225
  2.06534  -3.62288
  4.23530  -2.96357
 -2.60625  -0.16455
  0.86057  -2.48060
  0.53996  -3.51856
 -3.35548   0.22342
 -1.34434  -1.62533
  1.69567  -6.13871
 -5.63023   0.23971
  4.00671  -2.81190
 -2.12134  -2.48399
  3.19153  -3.91887
 -5.14811   3.67650
 -2.87799   1.53546
  0.89199  -4.60524
 -0.59169  -2.03586
  2.92315  -1.77309
  3.59912  -2.54408
 -1.07378  -0.99617
 -1.31261  -1.77831
  4.22852  -2.69524
  3.49013  -3.16933
 -3.07535  -1.43826
  4.17373  -3.51054
  2.91170  -3.51539
 -5.18542   2.60646
  1.09724  -2.64343
 -4.00658  -1.04555
  1.49247  -3.06174
 -4.66284  -3.02447
 -1.70154  -3.15487
 -4.60374   0.21523
  0.29722  -1.09347
 -3.10785  -3.50910
  0.99917  -2.11646
  5.42711  -2.98147
 -2.16105   1.16148
  4.34280  -2.66660
 -0.56220  -4.41672
  0.55023  -2.70762
  4.52558  -3.26026
  2.03369  -5.00128
  4.09763  -4.64804
 -0.39355  -0.93986
 -1.39901  -2.73731
  0.15627  -3.56443
 -4.28057  -2.53440
 -1.97544  -1.19319
 -3.25770   0.43949
  0.24124  -3.20977
  2.80063  -3.94007
  2.42841  -4.26347
  0.30499  -1.75419
  2.00225  -3.96378
  2.66356  -5.89429
  3.12980  -3.80474
 -3.95118  -1.71571
 -1.19177  -1.22089
 -0.14654  -0.10689
  1.26386  -3.27901
  5.59714  -3.28053
 -0.74315  -5.01401
 -5.21414   1.30915
  1.39303  -6.00035
  3.62034  -2.47836
 -3.99607  -2.63370
  0.98099  -3.97152
 -0.45000  -2.28204
  0.03515  -1.99797
 -0.13864  -2.20401
 -1.59574   2.46643
  1.12759  -3.10426
  0.08026  -2.04889
  1.76157  -4.23103
  2.83852  -3.50977
 -5.33809  -0.38982
 -2.31895  -1.49590
 -3.57808   1.01809
 -1.47387  -1.99405
  6.77543  -4.18764
 -4.02936   1.28060
 -1.31010  -2.70334
 -3.82512   1.26683
 -2.57779  -0.54854
  2.78006  -3.15762
 -2.54274   0.78480
 -2.22065  -4.44996
 -2.90465   0.22470
  1.69874  -5.09895
  3.43721  -4.38495
 -4.66554   0.60284
 -3.53707  -3.96626
 -0.73723  -4.01518
  2.91961  -6.10103
 -2.71616  -0.39218
 -0.19615  -1.94045
 -2.70721   0.77413
 -5.37539  -4.59858
  1.70198  -3.98896
 -3.10360  -2.13753
 -1.81192   1.16031
 -6.39321  -1.65584
 -4.76535  -2.09311
  3.95871  -6.82566
 -0.38091  -0.58096
 -3.44903   0.04619
 -2.43868  -2.20047
  0.24327  -2.97624
  1.76426  -3.91954
 -0.84679  -2.32894
 -4.25366   1.24288
 -2.88224  -3.63522
  1.36951  -4.27029
 -0.23285  -3.05600
 -3.66235  -0.20617
 -4.12119   3.10449
 -4.83664   0.07215
 -5.37687  -0.84264
  4.00425  -4.26213
  6.07432  -0.46574
  4.64152  -2.96974
 -3.16952   0.64127
 -3.75140   1.47395
 -4.51783   0.17693
  3.89554  -3.33726
 -3.12861  -2.44829
 -1.33028  -2.00659
 -0.98340  -1.78276
 -5.38688   1.70084
 -5.09755  -1.06065
 -4.87998   1.29971
  1.76162  -2.72888
 -1.75775  -4.46802
  3.11888  -3.59094
  3.25273  -2.87886
  0.62112  -1.13901
  2.37976  -3.39837
  2.74284  -2.54425
  0.59517  -3.96809
  2.44022  -3.46881
 -0.64405  -2.00711
 -2.64162   3.87523
 -3.34843   0.60136
  3.60576  -3.18026
 -3.01035   1.09853
  6.16336  -2.97978
 -4.22405   1.86546
  0.52334  -2.75440
 -3.51511  -1.27373
 -0.67450  -0.38951
 -1.08699  -2.61339
  2.15712  -3.63675
  5.77439  -2.85216
  1.43530  -5.47182
 -4.25931   1.04119
  0.62749  -0.60666
  2.71629  -3.23932
 -4.13253   1.80804
 -4.60831  -1.95473
  4.07699  -2.97531
  3.10854  -4.16487
 -2.61006   2.10946
 -0.11158  -0.05224
 -0.75008  -2.05988
  4.67883  -5.02587
 -0.29355  -2.86451
  0.64588  -3.25898
  2.06480  -2.81101
 -3.26294   1.52834
  0.10713  -4.66754
  0.75940  -1.94385
 -3.55153   3.07140
 -5.36917  -1.48650
  6.15021  -1.87173
  1.52696  -3.59748
 -0.49972  -0.74033
 -1.43283   2.15771
  1.76464  -2.22485
  0.07410  -3.63846
  2.06576  -2.98128
 -0.62586  -3.28583
 -3.68689   1.48478
 -4.50600   1.28292
 -4.17871   0.70861
  0.02224  -2.21335
 -4.67801  -2.10500
  1.09753  -2.51242
 -0.19691  -3.18119
 -5.30655   2.97393
 -2.95367  -0.07531
 -4.91787  -0.02844
  0.75975  -3.42429
  0.21433  -3.72113
 -5.39847  -2.62752
 -0.94985   0.31741
  0.24620  -3.25373
 -4.53328   1.00803
 -3.56813  -1.40417
 -2.95863  -1.26308
 -1.26885  -2.13806
 -1.19739  -1.31176
  5.32049  -2.94355
  1.75732  -3.83573
 -3.77818  -0.94445
 -0.65235  -1.41763
 -5.65883   2.67965
 -0.57784  -2.51140
 -4.72033  -0.65996
  3.29474  -2.95330
 -3.52957   2.02096
  0.11464  -1.29095
 -5.69750   0.73164
 -4.14486   0.11802
 -3.12707   2.68861
 -4.46824  -2.22841
 -1.58494  -1.35810
 -3.61660  -2.29441
  4.06591  -4.46417
 -1.13681  -3.17627
  0.37190  -4.20933
 -0.51170  -1.53584
  3.90138  -3.85519
 -4.08607   0.03526
  2.97528  -4.00000
  0.37279  -4.31444
 -3.64634  -1.90004
 -3.13023   0.12802
 -4.58347  -0.84481
  0.07369  -0.29517
  4.36297  -2.80205
 -0.70228  -2.40997
 -3.08474   1.78627
 -3.52545  -1.41356
 -0.65435  -3.53307
 -4.47013   0.42003
 -2.14054  -1.40746
  2.16986  -2.60295
 -4.60024  -3.90424
  0.45703  -2.34306
  0.55548  -2.21289
 -4.55602  -3.80935
  3.97661  -3.51405
 -1.59865   1.56630
 -4.26927   0.64056
 -2.84926  -3.08532
 -5.36836  -0.14169
  5.19786  -5.02877
 -2.15766   0.64943
 -0.61355  -3.37251
 -2.42909  -1.54862
 -5.73971  -2.15761
 -4.26651  -0.53759
  3.80290  -2.41907
  5.24410  -6.31325
  3.87258  -3.04825
  0.77241  -1.33857
 -0.54801  -2.90048
 -0.31231  -1.17551
 -4.09974   2.97804
 -6.69372   1.75939
 -5.63362   2.04880
  1.08573  -3.01285
 -4.79205  -2.06000
 -4.57376  -2.35823
  3.56427  -3.57577
  1.13093  -4.46843
  0.42030  -1.44786
 -3.14313   0.60416
  2.18183  -2.72739
 -4.41534   0.51004
 -3.72735  -1.75912
  1.10213  -1.76213
 -6.15079   0.87065
  4.51249  -3.54421
 -2.89130   2.95090
  0.80475  -2.89499
  2.04955  -2.78722
 -2.80837   0.63215
 -0.32121  -3.21451
 -4.40866   0.00708
 -4.55773  -0.55521
  3.32331  -2.09799
 -2.24729   1.59842
 -2.52063  -2.25698
  0.79991  -4.76823
  1.80277  -2.85301
 -4.05792   2.85791
  1.85914  -2.43294
  0.66332  -3.38428
 -3.74868  -1.91190
  1.08671  -2.71120
 -5.18654  -4.00306
 -3.01589  -2.55915
 -4.33531   2.92462
  0.94157  -4.84997
 -1.11031  -3.25972
 -3.14836   1.08651
 -0.06676  -2.08698
 -4.98486  -2.05687
 -0.37140  -2.48378
  2.67997  -3.12646
 -1.78843  -1.70009
 -0.57940  -1.37370
 -4.53998  -0.28051
 -0.35477  -1.44041
 -3.71079   0.98237
 -3.66558  -0.91715
  1.25643  -2.22424
  3.94855  -3.97515
 -2.97292   0.09841
 -1.65404   1.57758
  2.43618  -3.86746
 -0.43926   1.24595
 -0.71783  -2.65817
 -0.52423  -0.63634
 -3.54104   2.67595
 -1.13379  -1.62917
  0.40484  -3.22236
 -0.72884  -0.25685
 -0.74521  -1.27273
  5.76050  -3.66742
  4.28313  -3.62018
  4.90265  -3.75984
  0.69752  -4.57348
  0.58650  -3.14318
 -6.07581   2.34727
  3.47389  -4.96594
 -0.02421  -5.70245
  0.41803  -3.45543
  2.57768  -3.33300
  1.20662  -5.17048
 -4.93620   1.45844
  0.15061  -5.03631
 -3.13139  -1.82968
 -2.71775  -4.24204
  1.51335  -4.46947
  2.94154  -2.04314
 -3.85759   1.01394
  2.45404  -3.19854
 -0.91871  -1.82350
 -1.72641   1.86435
 -3.01956  -0.44012
 -0.32482  -2.68411
 -0.66638  -1.35742
  1.91346  -4.76695
 -3.60182  -0.71986
  4.02089  -6.97330
 -1.06659  -0.24719
 -4.72720   2.72334
 -0.79184  -2.62558
 -4.00287   0.30197
  3.27539  -4.04037
 -4.16510  -2.19458
  4.15920  -2.96578
  4.61342  -4.98141
 -4.63303  -0.10016
  2.40296  -5.19216
  1.51620  -2.26360
  3.69260  -3.94350
  6.24151  -3.48955
 -3.49838  -2.66734
  4.15582  -3.53034
  1.16285  -3.84108
 -2.26392   1.33883
 -0.71135  -2.59576
  2.80516  -3.73406
  3.46514  -5.11908
 -2.52033  -0.18518
  2.68309  -3.56877
  2.56022  -4.43501
 -4.51692   0.59757
  3.89387  -1.95405
  0.60544  -2.68599
  0.30359  -3.12807
  5.01818  -4.12262
 -5.09492   1.36673
 -3.12924  -1.70498
 -4.71534  -1.99772
  0.01831  -2.97483
 -0.42528  -1.66775
 -3.10556  -3.16244
 -0.53051  -3.78427
  2.34561  -4.04546
 -3.08519  -4.11962
 -4.32460  -0.67990
 -1.02101  -2.41686
 -3.50840  -2.22235
  3.54239  -3.00509
  3.16532  -4.03944
 -2.54515   4.20591
  5.50508  -3.25342
 -5.28956  -1.25117
  1.91811  -2.28314
  2.50726  -5.56327
  0.06868  -2.60749
 -0.58900  -2.84089
  0.56210  -3.60207
 -4.91821  -1.12041
  2.64032  -6.38886
 -3.79023  -2.55835
  0.56906  -1.94464
 -0.55674  -2.50479
 -0.42799  -4.18992
 -0.85932  -1.93295
  0.58480  -3.77815
 -2.69816   1.19264
  0.86989  -3.63070
 -3.08625   2.17971
  2.33704  -4.88818
  3.15091  -1.95198
  0.28245  -1.29854
 -2.13701  -0.72391
 -4.16821  -0.35769
 -3.25051  -0.81760
 -0.83473  -0.49088
  3.34041  -1.70076
 -4.28914  -3.03652
 -1.53721  -2.31511
 -4.54258   1.94415
  0.06916  -2.30008
 -3.90709   0.75701
 -3.44815  -1.41014
 -4.56749  -1.75371
 -2.50353  -2.44883
  2.93448  -3.35651
  2.10895  -4.18734
 -4.62962  -2.18801
  5.22487  -2.91880
  0.15512  -2.97103
  4.91508  -3.95496
  2.84721  -4.74670
 -2.44124  -0.15075
 -4.17266   0.96497
  0.51069  -2.46791
 -1.33939  -0.75542
 -0.19763  -2.23076
 -4.11127   0.09388
 -2.44805  -1.85572
 -3.15915  -0.08167
 -4.76249  -2.46846
 -5.26392   1.19298
  4.47278  -3.21885
  1.06606  -0.06426
 -1.46475  -2.16306
 -1.20702  -2.45629
 -1.25225  -5.81763
  2.66986  -3.97514
 -3.58403  -0.34500
  1.54506  -4.65977
 -0.65198  -2.99598
 -0.68340  -0.71243
 -4.70692   1.13980
 -5.28435  -2.81032
 -0.07840  -0.58258
 -3.04372   0.77895
 -0.49254  -3.24297
 -5.02896   0.87552
 -3.82619  -2.94347
  2.94110  -4.95036
  4.93775  -3.75620
  1.82996  -3.72730
 -3.36931   3.06905
 -4.86428   0.32594
 -5.40160  -4.12464
  1.18954  -7.12977
  3.06143  -2.08146
  4.47353  -4.08147
 -4.69552   0.06735
 -4.25800  -1.17522
  0.57974  -2.68642
 -4.82253  -1.08621
 -2.76452  -4.41911
  4.66082  -4.15727
  0.72479  -2.31150
 -1.27784  -5.32372
  1.06831  -1.88175
  4.23007  -4.33390
  1.95942  -2.65183
  4.02544  -2.71332
 -0.64897  -3.32094
 -0.19711  -2.68265
 -5.19681   1.59508
  1.39005  -3.34800
 -1.10304  -3.03578
  3.56155  -2.93167
  1.89683  -2.19082
  4.33099  -3.42787
 -5.35575   3.27961
 -4.41063  -0.42269
 -2.09149  -2.43394
  0.29382  -6.23577
  7.42317  -3.53204
 -4.09195   0.45264
 -1.13200  -3.66901
  4.64311  -3.55427
 -0.81522  -1.62182
  2.73458  -3.83971
 -4.99563   1.89594
  3.35406  -6.38276
  0.26255  -2.31239
  1.18955  -2.52404
 -4.17142   2.54230
 -3.85545   0.31908
  6.77722  -4.49282
 -1.60760  -2.65671
  3.14384  -3.29564
 -4.10182  -2.04611
 -2.55097  -0.02201
  3.24842  -4.38042
 -1.95337  -2.72897
  0.44213  -4.22886
  6.70239  -3.98112
 -0.38491  -3.32343
  2.67229  -5.94478
 -4.58689  -4.91913
  4.47642  -3.75206
 -4.22653   0.13372
  0.76323  -3.15855
 -5.59365  -3.39068
 -4.36172   0.80728
 -1.15738  -1.93982
 -2.46983   0.06932
  0.30098  -5.46389
 -5.69615  -2.30132
  0.04607  -5.05253
 -1.52389   2.84018
  0.48885  -1.58050
 -4.15062  -1.52809
  1.92508  -6.49283
 -4.82616   0.58413
 -5.21958  -2.46341
  0.14595  -2.43284
 -0.79050  -1.14900
 -3.19840   2.14582
 -3.41566   3.57715
  3.98755  -3.87269
  0.48830  -3.59790
  2.33181  -4.41841
 -3.26953   1.05251
 -0.88380  -2.79707
 -5.34733  -2.68810
  1.23540  -1.87210
  3.83365  -6.64947
 -0.65103  -4.59329
 -2.48345  -1.83227
 -4.38714  -0.27416
 -2.69837   2.26561
  0.18971  -4.74520
 -0.76746  -1.24615
  2.39557  -3.37955
 -4.52540   0.96934
  2.74512  -3.75704
 -2.42079  -0.58160
  2.82871  -5.74231
  1.21986  -4.89554
  3.74082  -4.32072
  0.51502  -1.97638
 -2.49510  -2.23149
 -0.99020  -5.37401
 -2.67095  -2.67068
  2.48119  -3.44655
 -1.61462  -6.42780
 -5.67758  -2.95481
 -1.48029  -1.85058
 -3.38891  -1.76806
  2.20616  -4.07178
 -4.50880   1.06261
  0.02046  -1.41462
 -4.98049  -0.89454
 -0.97972  -2.13472
  0.21272  -3.82037
 -4.61675  -0.72422
 -4.25145  -3.06012
 -0.08616  -1.21277
 -3.92582  -3.02726
 -2.29865   0.66837
 -4.09775   0.59350
 -5.11674  -4.61209
  1.13283  -2.70250
 -0.11280  -3.43623
 -2.38746   0.44970
  3.50483  -6.09522
  2.36478  -3.11779
 -3.49672   1.17342
  1.75548  -4.32023
 -3.50618   0.82485
  2.32625  -3.45854
 -4.56777  -0.68177
 -3.63929  -0.43733
  2.00869  -2.03958
  4.41092  -3.07317
 -3.75411  -3.20072
  0.30752  -5.13850
  1.03457  -2.49372
 -0.40176   2.14825
 -3.01518  -2.79115
 -4.60074  -0.39746
  2.62542  -4.55243
  4.59334  -5.75209
  2.99688  -3.51949
 -3.90928  -1.15215
  1.11171  -3.61398
 -2.31908  -3.50624
 -0.98472  -2.41006
  3.21338  -3.13896
 -0.74649  -1.99937
 -2.72288   0.97363
 -2.31323   0.78227
 -0.44599  -4.01394
  0.26231  -3.13844
 -4.40284   1.63188
 -4.06868  -3.74809
  1.54162  -3.33376
 -6.18983  -0.42813
  2.88597  -3.77151
 -3.65351  -0.14270
 -4.06060   3.36408
 -3.88992  -1.05937
 -4.07293   3.33055
 -3.11919   1.39871
 -3.32062   3.91787
  0.41207  -3.09958
 -0.75341   0.98448
 -2.87717   0.44925
  1.15976  -3.38329
 -0.76691  -0.87771
  5.88489  -2.50050
 -0.70895  -3.12486
 -3.08713  -0.82899
 -3.92857   0.15914
 -0.55862  -3.23977
 -0.02767  -3.37880
  4.67780  -2.39894
  2.00793  -4.13847
  2.47029  -5.73037
  1.47058  -2.81844
  5.17237  -2.81643
  0.31879  -0.96399
  6.04543  -3.22954
 -4.20100  -1.47241
  0.10188  -2.43824
  0.74828  -3.22519
 -2.33217   0.90632
 -0.90334  -1.57982
 -0.15297   0.10168
  0.59359  -2.52534
  4.09003  -4.77980
  0.03012  -1.92756
  1.87775  -4.49600
 -2.22285  -1.91129
  1.89596  -5.37107
  3.26607  -4.16534
 -5.45228  -1.03392
  0.80688  -1.12439
  4.45006  -3.68305
 -3.70978   0.46769
  2.32206  -5.27836
 -4.91971   0.47251
 -3.36240   1.42668
  0.72190  -5.47971
 -5.31774   1.83721
 -4.52857  -1.35274
  4.46633  -5.72319
  2.61440  -3.68802
  0.03476  -3.57702
 -2.40620  -4.69839
 -5.20136   0.01293
  3.25034  -5.32087
 -4.95534  -0.93638
 -0.45139  -1.19099
 -1.32622  -1.35540
 -4.63478  -4.29898
  4.34916  -3.39486
  4.99562  -2.54787
 -2.45846  -2.61166
 -4.37105   1.95479
 -2.64328  -1.54341
 -0.06754  -2.30908
  4.34191  -2.86844
  0.17074  -0.78736
  3.59397  -4.72546
 -1.47440   0.57278
  1.26060  -3.75913
 -6.45652   1.02382
  0.09717  -2.31028
 -1.57521  -1.23066
  0.25358  -6.22217
 -5.05988   0.00619
 -2.84362   0.24338
 -0.64230  -4.44010
 -5.95581  -1.52141
 -0.02256  -1.57304
 -3.32312  -0.57677
 -2.88868   0.84777
 -2.84805  -3.05678
 -6.21926   2.18472
 -4.97391  -1.81708
 -2.17144  -0.87801
 -3.13130   0.36135
 -1.09772  -3.26605
 -1.12762  -0.98989
 -4.42684  -2.43254
 -4.38902   1.00696
  3.98103  -3.35241
 -0.70748  -3.54011
 -3.26580  -0.51140
  4.36106  -3.37758
  4.55355  -2.45038
  2.22126  -3.80754
 -4.26253   0.03271
 -4.33616  -0.91020
 -3.30519  -3.03529
  3.79101  -2.90781
 -6.76044  -1.35208
 -4.42435  -0.20123
  4.12962  -3.36194
 -4.11718   2.11729
  0.95017  -5.13933
  2.75446  -3.84858
  2.33649  -2.99418
  0.60287  -3.40988
  4.79374  -2.91443
  0.74377  -3.00987
  1.30876  -3.35913
 -6.89232  -0.28391
 -3.10073  -0.02954
 -3.57182   1.03785
  0.25451  -3.25194
 -0.61057  -3.56857
 -3.20347  -4.13673
  4.74042  -5.82124
 -3.91689   3.92807
 -3.59074   1.60568
 -3.16752  -1.52500
 -2.62684  -0.31961
  0.38115  -4.99129
  4.21956  -4.12924
  2.10715  -2.98845
  4.52708  -5.70635
  0.00025  -2.44667
  3.11849  -2.71215
 -3.88882   2.90183
 -3.04607   2.93916
 -0.25615  -2.32630
  3.41926  -3.66477
 -1.62404  -0.19499
  6.68132  -2.93328
 -4.55293   0.20432
 -0.48111  -3.91164
  0.09704  -2.40645
  3.41147  -4.12412
 -3.47952  -2.02380
 -1.97272  -1.00573
  4.90457  -5.07521
 -1.92238  -4.29652
 -0.62558  -3.60262
 -2.17245  -0.35988
  4.96611  -3.79224
 -4.22203  -1.15893
  1.35303  -4.44841
  2.06038  -4.58477
 -1.32376  -4.54726
 -4.32297  -0.63635
 -4.48126  -5.77984
 -3.24773  -1.24903
 -2.03483   1.91300
  3.80571  -2.82223
  0.27270  -2.69090
  0.79327  -5.38416
  0.21968  -0.65177
 -1.33890  -4.87977
 -1.76421  -2.28408
 -2.83934  -2.52526
 -2.71706  -2.82808
 -1.86295  -3.30937
 -0.76408  -3.30905
  0.72174  -2.88319
 -0.16102  -3.03182
 -2.34351  -2.02879
 -3.97516   0.25203
  3.99927  -4.16552
 -0.56375  -3.18228
 -1.88272  -1.24485
 -2.78412  -0.67415
  3.65819  -2.76318
  0.28884  -4.52731
  3.11789  -3.68284
  0.73814  -3.59757
  5.39579  -2.97006
 -0.81358  -3.12537
  2.53171  -3.89382
  1.71889  -2.41331
  0.07857  -5.12420
  3.44179  -3.81074
  0.24407  -0.76707
 -5.45398  -0.68879
  6.62970  -3.30892
 -3.26544   1.39770
 -1.13191  -1.43657
 -3.82236  -2.16995
 -3.10760  -1.49878
 -0.15006  -4.07974
  4.84823  -4.60716
  0.64159  -2.34934
  0.43146  -5.36997
  2.97756  -3.30163
  1.70706  -2.90958
 -5.24526   4.79827
 -3.02541   1.88904
 -2.70702  -0.64393
 -4.46552   1.62347
 -4.89840   1.07386
  0.51021  -3.83059
 -3.09927  -1.93101
 -6.06193  -0.08920
 -0.73662   2.09723
 -3.34464  -1.47566
 -2.53270   1.49273
  4.85240  -4.86539
 -3.57008   2.20867
  1.62477  -4.24639
  4.10453  -3.43032
  0.80158  -2.05327
  0.17253  -1.15700
  3.83032  -4.38468
  0.42547  -6.51882
  2.75722  -3.55456
  2.52328  -4.36179
 -2.82322   2.17478
 -4.68063   1.39471
  0.88503  -5.72760
 -4.18897   0.40128
 -1.21445  -3.79276
  5.43316  -4.96804
  0.23158  -2.02751
 -4.36773  -0.44094
 -3.87135   0.65706
 -3.80574  -0.74948
  1.06770  -2.90022
  0.11826  -5.21640
 -1.96515  -0.01818
  2.33960  -6.99061
 -4.21014  -1.15404
  0.63322  -2.45643
  0.62568  -1.31982
 -4.78392  -0.81547
 -4.25058   0.68055
 -4.75462  -2.97422
 -2.72052  -0.52351
  0.24222  -0.25518
  4.48563  -3.74364
 -0.28458  -3.80890
  1.13334  -3.31618
  1.33539  -3.74045
 -4.44521  -1.39509
 -2.14130  -2.47728
  2.25497  -2.40229
  0.43682  -2.33510
 -1.11385  -1.98388
  4.91885  -3.58065
  0.75953  -4.81110
  3.63180  -2.71329
 -2.59115  -1.62721
  2.42951  -5.22694
 -2.88556  -1.77784
  3.57434  -5.17018
 -4.54396  -0.49142
  4.28278  -4.41415
 -2.09111   2.76900
 -3.91075   1.16288
  0.06940  -1.89717
 -1.26001  -3.62843
  1.00177  -3.17560
  1.77594  -6.21501
 -0.08783  -2.78669
  3.99872  -4.84635
 -0.05652   0.10177
 -0.93151  -3.42382
  0.52406  -4.39030
 -4.67603  -0.28457
  2.30524  -3.46200
  0.97106  -1.37489
 -4.34675   0.27310
  2.55710  -6.59479
  0.66249  -3.34188
  0.92980  -1.38467
  3.99742  -3.79122
  2.58543  -2.60855
  0.89616  -3.24162
 -3.12514   4.15582
  4.40014  -4.45937
  0.76993  -1.91968
 -2.94705  -1.43909
  0.02138  -2.21533
  2.00895  -4.98589
 -4.87509  -2.88972
 -3.42180   0.60021
 -0.49994  -4.26027
 -3.79492  -0.03271
  2.07925  -3.41447
  3.19918  -1.43435
  3.58556  -3.51472
 -4.99908   0.49863
  6.94900  -4.00562
  2.26876  -3.51221
 -2.27653   2.46214
 -2.15069   1.01251
  2.67554  -2.08619
 -0.40098  -2.68610
  1.88965  -2.45913
  2.36385  -4.03449
  1.38384  -0.81950
  3.07926  -3.72407
  1.16055  -5.14348
 -1.99160   1.68891
 -3.47307  -3.56583
  1.51369  -4.68679
 -5.60336   1.94885
  2.06490  -6.37641
 -4.42924   2.09540
  2.93845  -2.32814
  0.35287  -1.76355
 -4.78006  -0.04233
  0.40647  -4.89288
  4.08449  -3.20708
 -5.37401  -0.26076
 -3.38496   0.03381
  1.12772  -4.14403
 -5.95856  -2.42055
 -2.02184   0.08985
  1.96442  -6.80136
 -2.47866  -0.25083
  2.99103  -3.24201
 -3.24235  -3.54587
  3.57286  -2.66274
  3.99351  -5.34776
 -5.67763  -1.15758
 -5.77698  -4.45250
 -4.95100   1.16357
 -1.63069  -4.84535
  1.12655  -2.97631
  3.26276  -3.21352
 -3.41288  -2.14307
  3.54788  -4.68761
 -1.97880  -6.46841
 -2.06519   0.24254
  1.23114  -3.42956
 -0.81041  -2.25165
  2.84211  -4.07387
  2.71534  -5.06305
 -2.30230  -4.38931
 -3.77268   1.15488
  6.51051  -3.11200
 -2.53486   2.00662
 -2.34246   3.82382
  4.54030  -2.61383
 -5.00863  -0.26909
 -2.19636  -0.21254
 -1.23517  -1.18029
 -4.78844   4.16772
 -4.77366   1.54943
  1.85413  -3.62315
  1.21979  -4.06999
 -4.99814  -0.30978
 -0.67395  -2.80565
 -3.11041  -1.08706
 -2.92992  -0.54120
 -0.05079  -1.71525
 -4.81808  -0.16195
 -5.40137  -2.35319
 -4.13434   0.10922
  0.60687  -1.81547
 -5.14149  -5.93770
 -2.42773  -0.17159
  0.12407  -3.22500
 -1.27562  -2.44801
  3.84788  -2.62942
 -0.61652  -3.38102
  3.07356  -2.85475
 -2.84872  -2.43527
 -0.59031  -0.62337
 -2.41515   1.25013
 -3.58075   1.59861
  1.89637  -5.34055
 -4.19846  -1.65284
 -2.29313   2.51481
  4.89005  -4.92479
 -4.95020  -0.31504
  2.19187  -2.23383
 -4.04840   2.10131
 -2.94289  -1.17627
 -0.42527  -3.71833
  3.92827  -2.50382
 -2.70949  -4.62777
 -3.17157  -2.11932
 -4.26573   4.12852
 -5.21150  -2.09370
  4.00293  -2.87409
  7.84975  -5.71327
  4.58544  -5.71170
 -4.87367  -1.32872
  2.42528  -3.80240
  3.35809  -3.72333
 -3.85440  -2.67674
 -4.43734   1.70390
 -3.75003  -0.09796
  1.08068  -5.39643
  3.60424  -3.07013
  1.04189  -0.73694
 -4.51289  -1.96492
 -0.98908  -5.50862
  0.34608  -2.03763
  5.39689  -2.96889
  0.51063  -5.03614
  1.64243  -5.27012
 -3.69478   2.02130
  2.60623  -3.85784
 -3.99496   3.91699
 -5.20751   1.07781
 -5.40664  -2.09421
 -4.28120  -2.95770
 -7.44387  -1.32173
  1.10367  -6.33243
  1.33413  -4.61710
 -3.87250   1.82320
  1.93834  -3.40862
 -5.12657  -1.72341
 -1.76162   0.39559
 -3.65294   2.12902
  1.41950  -4.86958
 -0.47456  -1.52725
 -0.51577  -7.84067
  2.24384  -5.11512
  1.36422  -2.64853
  3.64538  -4.32438
 -0.16504  -2.23778
 -3.57575  -2.06938
  2.17197  -3.88095
  0.60407  -0.12086
  2.03445  -3.00439
  0.32133  -1.15584
 -2.36392  -2.75147
  4.15690  -3.61098
  0.72708  -5.84156
  2.36717  -3.79752
  0.27085  -0.78711
  3.73304  -5.25830
  5.82593  -3.41670
 -0.89503  -3.42633
 -1.09134  -1.48597
  0.80026  -2.35709
 -6.69567   0.89450
 -4.96724  -2.85866
 -3.94553  -3.35112
 -4.30648   0.39620
 -3.72720  -0.57106
  1.81426  -2.71442
 -1.25909  -0.25126
  2.54501  -3.30392
 -3.32758   1.48455
  2.31995  -3.86992
  0.18338  -1.32703
 -1.63273  -0.28304
 -1.87432  -1.34986
 -1.46478  -0.14526
  2.08967  -4.43649
  5.77065  -3.92182
  4.04201  -5.90972
  2.15863  -3.03465
 -0.21394  -1.89709
 -2.25645  -1.79650
 -1.04483  -2.30195
  1.38953  -3.67564
  1.70164  -2.38239
  0.42633  -3.70297
 -3.74444   0.32654
 -2.60529  -0.15653
 -2.52800   0.31086
 -1.47065   2.50165
  7.18365  -2.55831
 -3.43063   2.62086
 -4.92870   1.51189
  2.52835  -4.59128
 -3.39148  -0.17478
  1.96402  -2.27558
 -4.32535  -2.04680
 -0.70585  -4.05513
 -0.17470  -2.30718
  0.62639  -3.00036
  3.33953  -4.18072
 -1.88385   0.33007
 -0.88931  -3.13487
  4.52479  -3.82768
 -3.06827   3.66510
 -1.34326  -2.48579
  0.20613  -5.80436
  7.10087  -3.04159
  4.61041  -3.89767
  0.56819  -5.82861
 -3.99042   0.81766
  2.98628  -2.48518
  1.20544  -1.08316
  1.37643  -3.73371
  0.42422  -2.51703
  1.05695  -2.69225
  5.31059  -4.08070
 -4.81148   3.76934
 -1.88517  -5.30792
  2.62324  -7.08817
 -0.05784  -4.80391
 -1.62095  -1.10855
  8.72651  -4.07731
  3.67218  -3.50347
  0.38807  -4.06238
 -2.45208  -3.23855
 -3.61217  -1.04591
  2.27250  -2.64920
 -4.32403  -2.00683
 -4.39651  -1.44924
  3.26485  -4.79102
  1.04700  -5.18961
  1.57560  -3.47098
 -4.96091  -3.66536
  3.44040  -4.01748
  3.65949  -1.27586
 -3.02197   0.96482
 -0.64508  -1.45180
 -0.86226  -4.54565
 -0.94949  -1.06437
 -0.26375  -1.31059
 -2.88476  -1.75738
  1.00214  -2.66911
 -0.21945  -3.98894
  4.20544  -4.53079
 -4.64492  -2.61695
 -3.87814   2.96112
 -3.75035   2.27050
 -3.03551   0.60189
  4.95711  -3.39204
  0.62490  -3.03253
  3.57320  -7.75899
 -4.18682  -2.30865
  0.27915  -4.36548
 -3.32048  -2.61782
 -1.74352  -1.63264
  1.34828  -2.10118
 -6.14783   2.31272
 -2.60779  -2.41601
  3.20747  -2.50899
  1.61804  -4.15586
 -4.09002  -0.92239
  4.08610  -4.45270
