 -0.69727   4.59388
 -1.14126   8.54762
 -3.75436   2.86981
 -1.62148   0.65760
 -0.00615  -2.08455
  0.26634   1.25272
 -0.33659   5.58032
 -0.04628   6.20019
 -1.53245   9.00177
 -1.75199   3.11456
 -0.88730   4.16524
 -1.58396   5.24204
 -3.54904   2.44805
 -3.30148   2.34998
 -2.74307   2.35326
 -3.24309   3.54314
 -1.52655   0.72330
  0.39280  -0.23509
  0.17564  -1.98033
 -1.07366   3.13978
 -2.94448   2.22923
 -0.59760  -2.50830
 -3.37208   2.92158
 -0.37184   7.69075
 -1.20074   6.90941
 -1.42116   4.45544
 -1.15735   5.90391
 -1.02624   2.65219
 -2.61801   3.41246
 -2.97621   3.17726
  0.03011   0.31586
 -1.49679   5.10643
 -1.17837   2.22956
 -1.11027   5.14462
 -4.72636   3.57255
  0.82556  -2.19033
 -0.33198   0.57154
  0.75704   1.79698
 -4.51873   3.01053
 -4.53240   2.94349
 -0.16990  -1.98973
 -1.04071   2.34179
 -3.45094   2.95394
 -3.41417   1.99029
  0.01796   1.61155
 -3.30308   3.47597
 -3.50725   2.90945
 -0.23742   0.77698
  1.01869  -0.13781
 -1.37270   4.37208
  0.38361  -0.53980
 -0.50826   0.89213
 -1.42128   2.92438
 -3.03912   3.11567
 -1.33531   6.63078
  0.40471  -0.08948
  0.36550  -0.44448
  0.56583  -0.39506
 -3.24473   2.91471
 -1.86068   3.61143
 -3.80361   3.17804
 -2.62486   3.15998
 -1.06090   5.56137
 -1.02066   7.67674
 -3.68459   3.25249
 -3.45348   2.61810
 -3.50130   2.86175
 -3.07760   2.30168
 -1.09712   1.03584
  1.22408   1.48608
 -0.51060   3.95273
 -1.39822   4.20344
 -1.47257   4.69479
 -2.85158   3.84343
  0.51620  -3.60946
 -0.94407   4.86345
  0.12680  -0.79174
  0.26536  -2.45420
 -0.50369   4.51507
 -3.01125   2.98662
 -3.26681   2.54525
 -1.48035   6.49334
 -0.90728   2.81864
 -1.03068   4.64694
  0.32971   1.22950
  0.05591   0.84621
 -1.31132   8.48233
 -1.39199   4.60892
 -0.14695   2.50288
 -1.12799   4.83893
  0.02854  -0.36414
 -3.13576   2.60231
 -2.70623   3.11702
  1.03233   2.01575
  0.50646   1.68903
  0.27147   0.62927
 -0.33498   5.44751
 -0.90908   5.69278
 -2.59315   2.68379
 -0.93336   4.51541
 -4.17870   3.21469
 -3.28645   3.56027
  0.00820  -2.34905
 -4.12533   2.73317
  0.41132   1.36257
  0.66917  -0.55087
 -0.33616   1.05600
  0.61117   0.21106
 -1.11305   3.78393
  0.36919  -3.56877
 -3.47017   3.20089
 -2.83892   2.53271
  0.04327   1.37110
 -3.56045   2.76004
  0.21098  -0.44992
 -0.53697  -0.79966
 -2.91266   2.93709
  0.82802   0.87537
 -4.16953   3.25099
 -1.84690   4.51127
 -1.06660   3.09434
 -0.48183  -0.52169
 -2.98117   3.62907
  0.45879  -1.69342
 -0.89937   3.93141
 -1.00496   2.85347
 -0.56860   2.38928
  0.34642   0.02640
 -0.81233   5.88385
 -0.99635   0.85007
 -3.49243   2.75652
 -0.33099   4.10534
 -3.17847   4.01203
 -1.12179   4.54299
 -3.13984   1.52455
 -0.54341   3.44255
 -2.77894   3.17606
 -0.11263  -0.50175
  0.47914  -1.10424
 -0.58663   4.42256
 -3.81452   2.92008
 -3.41682   2.01269
 -1.31137   3.92122
 -0.61797   1.97873
 -0.63970   5.62971
 -1.03859   2.61301
 -2.62271   2.69876
 -3.25180   3.92715
 -1.23075   0.28100
  0.20069   3.03706
 -1.19611   6.28933
 -1.61061   4.60508
  0.34767   3.95341
 -0.22233  -1.90426
 -0.44721   3.38611
 -2.91823   1.96735
 -0.82934   4.13232
 -2.34089   2.99421
 -0.68209   4.53583
 -1.34752   6.01489
 -1.08545   3.26457
 -1.41584   7.23793
 -2.84333   2.15211
 -1.14770   4.77661
 -2.74578   2.86870
 -0.91273   4.72503
 -3.14141   2.63383
  0.21913   1.16272
 -1.16104   3.65161
 -3.32033   2.76713
 -1.36050   4.61524
  0.07156  -1.82967
 -3.52634   3.14943
 -2.16259   2.96725
 -0.74969   2.61859
 -1.75642   3.98870
 -1.17694   2.35033
 -2.24215   4.44632
 -1.37526   5.66704
  0.04854  -2.08427
 -0.20049   6.55993
 -3.40295   3.22468
  0.77884   0.29135
 -2.52010   3.78162
 -0.32404   3.59310
 -3.14551   3.14450
 -1.28072   3.78739
 -0.86720   3.52214
  0.49771  -3.22677
  0.81891   0.85528
  0.68310   2.11295
  0.48323  -2.41761
 -2.77704   3.41916
 -1.31972   4.17566
 -1.15075   7.87587
 -0.49190   5.02248
 -1.31512   2.20593
 -0.60030   0.55783
  0.43555   1.47467
 -2.77268   3.70032
 -1.56497   4.02736
 -1.41839   8.84523
 -2.82560   3.61142
  0.27717   0.71258
 -0.40816  -0.08719
  0.55999  -1.55593
 -4.03594   3.06173
  0.56472  -4.13249
 -2.61728   2.32067
 -3.22787   3.74260
 -2.93103   2.96738
 -3.45303   2.56808
 -1.34501   2.86777
 -3.29498   2.92352
 -0.31791  -4.56272
 -0.93968   3.55887
 -0.71133   4.97034
 -0.18019   1.09751
 -2.91002   2.90730
 -0.39348  10.60563
  0.75022  -1.86297
 -3.33616   2.47893
 -0.77920   7.09479
 -0.70470   6.88337
 -2.17499   3.85097
  0.62399   1.46986
 -0.51443   1.66732
 -0.27215   2.01365
 -1.34125   4.95578
  0.42830  -1.12617
 -3.78343   2.69258
 -0.56059   6.69258
  0.41713   0.25920
 -0.41011  -3.35468
  0.61407  -2.48912
 -1.41423   4.81124
  0.51937   0.97415
 -4.40881   3.86353
 -2.81223   2.25203
 -3.72273   3.29780
 -1.01408   7.88625
 -1.42298   3.60676
 -1.49062   6.29978
  0.10975   0.64787
 -0.98221   7.22457
 -0.55846   7.06759
  0.22317  -2.54689
 -1.10061   0.60538
 -3.36965   3.13362
 -3.54063   3.39225
 -0.03324  -2.94229
 -1.31488   5.68458
  0.31110   4.27955
  0.87563  -2.85561
 -0.97490   6.75690
 -1.49908   6.62563
 -0.50378   2.96918
 -1.47570   8.63378
 -3.28799   1.54543
 -1.99696   0.15606
 -2.34670   2.82371
  0.60161  -0.98578
 -4.19991   3.94808
 -0.00644   1.93377
 -0.38117   0.89015
 -0.72307   2.46859
 -3.36944   2.54855
 -4.13426   2.58377
 -1.58045   4.42665
 -0.61032   5.14391
  0.23590   2.24240
  0.57363  -2.53771
  1.02825  -3.00249
 -1.52667   4.37541
 -0.67741   5.01832
 -0.53877   0.06196
 -1.90271   3.91508
 -1.00807   2.63079
  0.15220   1.14755
 -3.47202   3.56100
  0.65016  -1.22321
 -2.59192   1.64826
  0.25906   0.79892
 -3.15228   3.28760
  0.12797   0.20115
 -3.18067   2.79371
 -1.21772   6.73980
 -0.61472  -1.25099
  0.50430  -2.19970
 -2.25122   3.97966
  0.31025   1.17104
  0.15905   1.46857
  0.12163  -3.86179
 -3.28214   3.60567
 -3.93447   2.57611
 -0.92478   4.56718
 -4.00669   2.73696
 -0.89089   6.59423
  0.00951  -3.49344
 -1.11421   0.34628
 -1.34806   8.43533
 -4.05868   2.49105
  0.54820   1.08249
 -2.80563   2.39448
 -1.13935   5.39564
 -0.75572   0.71020
  0.12689  -1.62623
 -1.27178   4.28644
 -0.06288  -3.81159
 -3.73424   3.21933
 -0.93367   5.49286
 -3.27613   2.91117
  0.26674  -2.26288
 -1.68487   4.86834
 -1.45713   6.23556
  0.00259   0.89695
 -1.21339   4.20222
 -3.07806   2.05125
 -1.92056   2.83322
 -1.05052   2.92375
 -1.03059   3.92241
 -1.68979   5.44929
 -3.53876   2.70417
 -0.87969   2.14189
 -1.17233   4.69001
  0.44744  -0.09658
  0.93587   0.16055
 -3.54230   2.30244
  0.71943   0.06598
 -3.10586   3.49175
 -0.63381   2.03149
 -3.13012   3.96998
 -2.65573   2.60372
 -4.39308   3.65288
 -1.13985   2.06454
 -2.53776   2.06337
 -1.95272   2.96292
 -2.62674   3.23339
 -3.37729   3.36081
 -3.31812   3.17466
 -0.17587   0.73185
 -0.15756   2.39630
 -3.25262   2.67223
 -1.04291   5.56829
  0.29122   2.45982
 -0.35324   2.72053
 -0.50003  -1.32305
 -0.73633   2.92845
 -0.11347  -2.33062
  0.61623  -3.26604
 -2.80915   3.40393
  0.30445  -1.07299
 -3.50732   2.01114
  0.06075   1.78509
  0.00771   1.05463
 -2.66504   4.36874
 -2.98865   2.36231
 -3.59859   2.29770
 -0.96638   5.46335
 -1.45887   2.99174
 -1.04954   6.02662
 -0.65334  -2.37279
 -1.01197   5.42410
 -3.75668   2.96979
  0.30262  -1.10705
 -3.80252   3.42497
 -2.60261   2.44150
 -2.76021   2.81714
 -1.51227   8.17631
 -3.09863   1.82970
  0.48482  -2.73337
 -0.46790   8.86146
 -1.40294   6.49349
 -0.03533   5.16422
 -2.81912   2.22750
 -2.56987   2.05526
 -1.71300   3.80454
  0.52272   0.82054
  0.46796   0.34730
 -0.86372   6.91341
 -3.08185   2.64278
 -0.25795   1.96652
 -0.60425   2.29025
 -0.39863   6.78744
 -2.21017   3.59230
 -0.59922   0.76129
 -3.73987   3.55119
 -2.12328   4.97201
 -0.44877   3.05106
 -1.01960   5.67972
 -4.10868   3.98331
 -0.24292  -0.40862
  0.48400   0.72611
 -1.04879   4.66557
  0.06283   2.50816
  0.03585   0.95318
 -2.53931   3.55452
 -0.82736   5.56025
 -2.92551   2.60081
 -0.56559   1.86564
 -3.51684   2.06417
  0.14608   2.19651
 -3.33801   2.74414
 -1.43872   2.85292
 -2.64589   2.44742
 -1.21690   2.40027
 -3.00303   3.34860
  0.51845   1.10717
 -0.14509   7.94241
 -3.28036   4.02210
  0.01269  -0.68042
 -2.48156   2.86290
 -3.06915   2.57127
  0.41135   1.28368
 -0.53732  -3.49270
 -0.14904   3.10707
 -0.98239   2.83360
  0.98852   0.68927
 -1.04331   6.09903
  0.22276   4.23573
 -3.55548   1.91900
 -0.89895   2.91250
  0.67425   1.69254
 -2.57358   2.55525
  0.49631  -0.93332
 -1.73767   3.38714
  0.55388  -4.90043
 -1.26722   4.74147
  0.56538  -1.79119
 -0.01928  -0.68035
  0.28101  -0.44595
 -1.80963   5.41243
 -0.07570  -0.69499
 -3.10855   2.50344
  0.57216  -1.95116
 -1.26681   2.41043
  0.09199   2.26958
  0.54688   1.54574
 -1.77083   6.12376
 -1.41053   5.29915
 -1.05864   3.93444
 -2.03159   8.39312
 -3.95395   4.33134
 -0.34466  -3.23946
 -1.46097   4.64562
 -3.06121   2.78799
 -3.48750   1.75955
 -2.61714   3.03880
 -1.18824   7.32316
 -0.41044   0.96332
 -3.06802   3.79181
 -3.90966   3.34674
 -3.53016   3.24427
 -1.12575   5.28951
 -1.81285   4.82525
 -1.77859   3.97266
  0.28952  -0.47152
 -0.51916   4.15422
 -1.29781   9.55204
 -0.64530   6.98600
 -2.19736   8.54643
 -2.64414   3.34475
  0.46420  -1.33137
 -0.02987  -2.28834
 -0.75573   3.54297
  0.62844   0.41799
  0.37050  -0.69813
 -2.81299   3.87646
 -1.05854   1.46634
 -3.78490   2.96546
  0.28589   2.33969
  0.47743   2.95430
  0.40510   2.25236
 -2.54998   2.10390
 -1.17847  -0.15860
  0.61569   0.17649
 -2.89195   2.98990
 -0.28688  -0.52595
  0.50461   1.41583
 -1.19630   5.18050
 -2.90626   2.84918
 -1.09185   2.85790
 -0.34603  -2.81501
  0.37357  -1.63156
  0.78706   2.28060
 -0.42504  -0.38660
 -0.32949  -0.31534
 -2.76897   3.08024
 -3.43663   3.36986
 -1.41812   2.94763
 -2.19289   3.22970
 -0.29441   0.65875
 -0.51473  -1.70133
 -3.76375   1.93666
 -0.92708   4.68636
  0.47514   1.21725
  0.17926   0.29389
  0.15983  -2.30154
 -0.43801   1.63341
 -0.33008   4.24123
 -3.33962   2.44336
 -0.52455  -1.19582
  0.25415  -2.02352
 -2.48807   5.43988
  0.71806   2.87143
 -1.61936   3.31690
 -3.69062   3.38583
 -1.24231   5.75525
  0.98320   0.23746
 -3.84455   2.76434
  0.44840   0.48476
 -0.93836   2.83289
  0.35641   4.47254
 -1.16358   4.35982
  0.38718   0.41328
  0.34150  -0.88936
  0.40836   1.07506
 -2.10521   2.97428
 -4.35055   1.86109
 -1.99470   8.54207
 -3.04993   3.74314
 -2.67011   2.29564
 -3.32865   2.36175
 -1.23601   5.92591
 -0.27877   1.55911
 -1.26204   4.96137
 -1.23913   7.00597
 -3.47842   2.51737
 -0.39766   2.61531
 -3.16509   2.89641
 -0.87037   7.22017
 -0.92221   6.31800
 -3.36123   4.63661
 -1.40676   5.57579
 -3.76872   2.67934
 -2.88695   2.39318
 -2.59510   2.15796
 -0.84571   9.79853
 -3.39665   2.30401
  0.04621  -0.61827
 -1.02514   2.57413
 -3.57297   2.63994
 -2.95832   3.44254
 -2.37835   2.57990
 -2.40999   3.79237
  0.12118  -0.46131
 -2.52043   3.36627
 -1.42628   3.28789
 -3.47799   2.95508
 -1.37918   3.43838
 -1.15946   5.62347
 -3.49204   2.45867
 -1.90405   1.80966
 -4.03042   3.88572
 -1.16271   4.72801
 -0.18800  -2.16191
 -2.06432   6.18854
 -0.64474   6.88957
 -1.43216   3.62631
 -2.11290   3.44623
 -0.96542   1.29811
 -3.28551   2.08591
 -1.43843   5.73114
 -0.46522  -0.87302
 -0.40085   0.14295
 -3.21456   2.86903
 -2.31220   3.15707
  0.20793   0.65248
 -0.33644   1.88126
 -3.11607   3.81130
  0.86357  -2.98164
 -0.12789   5.61484
 -0.20325  -2.81174
 -4.07908   2.46326
 -0.79797   4.91807
 -0.17927   0.14576
 -2.82946   3.13901
 -1.11373   7.37902
  0.24709  -2.84003
 -0.79529   4.90625
 -2.37837   1.86052
 -0.21289  -0.77022
 -0.71158   5.31181
 -1.09782   5.00281
 -3.02157   2.72224
 -2.68812   2.33887
 -0.02655  -0.37818
 -4.19466   2.46228
 -3.64812   2.01951
  0.61209   0.04647
 -0.61036   4.31478
  0.60786  -2.56115
 -1.40205   3.90127
 -0.84207   1.55343
  0.60997   2.53608
 -4.76361   2.90447
 -3.23914   2.82347
 -3.82912   2.78703
 -1.73859   3.20859
 -2.95855   3.29193
 -3.39816   3.91411
 -1.02257   3.66649
  0.93243   1.24464
 -2.09218   2.75485
  0.74122  -1.35000
 -1.22750   4.47234
 -1.39451   7.31662
 -1.21525   1.27773
 -1.18521   2.17862
 -1.24559   2.63751
 -3.30015   2.62552
 -0.32350  -0.84305
 -2.04323   3.39703
 -2.92449   3.33279
 -0.84951   4.54887
  0.33417  -3.29437
 -3.46082   2.98885
 -1.43895   6.09894
 -0.53764   4.37628
 -0.96645   0.63415
 -1.49527   7.50669
 -1.41902   6.66931
 -0.89289   0.52770
 -4.09608   3.44983
 -3.01393   4.33597
 -0.36346   2.11599
 -2.50853   3.26511
 -1.96741   7.02074
 -2.39376   2.88208
 -0.56063   4.36389
  0.79348  -2.05688
  0.42322  -0.85183
 -2.84582   2.84634
  0.48735  -0.99148
 -1.91472   0.03008
 -4.48891   2.32487
  0.64994  -0.06745
 -1.38312   4.19699
 -0.60258   1.31997
 -2.99725   1.90244
 -2.68632   1.50660
 -0.57537   5.93680
 -1.94399   6.99079
 -3.93393   3.60136
  0.39339   1.43054
 -0.20306   4.68361
 -4.40922   3.84717
 -3.73986   3.69263
 -1.24285   6.33400
 -1.28237   3.47957
 -4.66618   2.51532
  0.00179  -0.39564
 -0.33745   0.07959
  0.17796  -4.67505
 -4.05575   3.06586
 -3.85605   2.70654
 -1.01275   2.30969
  0.01715  -2.08961
 -3.87487   3.18453
  0.53234  -3.92125
 -0.45030   3.59760
  0.18869   2.09520
  0.45312   1.57542
 -1.65302   4.70776
 -3.85042   3.42222
 -0.99791   3.78641
 -2.85873   3.02913
 -0.80038  -2.83916
  0.22249   0.04841
  0.12002  -1.01146
 -1.12929   1.96022
 -1.31465   3.47541
 -0.32119   8.18153
  0.27596  -2.83747
 -4.12296   2.37347
  0.35901  -2.33595
 -0.01357   1.20003
  0.50384  -0.39493
 -3.93038   2.85752
 -1.64866   3.60364
 -4.12822   3.87894
 -1.03804   7.13228
  0.77599   0.91971
 -0.73197  -1.38970
 -3.82884   3.18501
 -0.70611   6.03659
  0.68536  -2.75557
 -0.25341  -0.14318
  0.05597   2.32091
 -4.29238   2.25572
 -3.93284   2.61330
 -0.97372   1.56159
 -1.30760   6.92673
 -1.31097   6.39762
 -0.02958  -3.67093
 -0.17688   4.73981
 -0.30405   3.91681
 -3.39891   3.40517
 -0.89424   7.08562
  0.53586  -3.06703
  0.21805  -2.67795
 -3.20607   2.16423
 -3.54310   2.47284
 -3.27780   4.91630
 -0.54632   4.56569
 -0.84217   5.53220
 -4.58584   2.79465
 -1.30231   4.75867
 -2.23031   5.44923
 -3.47156   2.62437
 -1.81274   7.23055
 -3.21420   3.54073
  0.58624   1.86071
 -0.92875   4.93737
 -2.35667   2.96329
  0.52944   1.64807
 -3.17076   2.80321
 -0.11193  -5.87055
  0.50673   2.23923
 -0.26146   0.56866
 -0.14880  -1.44849
 -3.13440   2.74412
  0.35440  -1.80100
 -3.00486   2.30308
 -0.92576   5.29667
 -0.14586   0.87428
  0.76256   1.24740
  0.18377  -2.48030
 -1.11379   4.48447
 -0.07437   2.71285
 -0.54871   5.04777
  0.62796   0.24031
  0.13648   0.86457
 -3.46035   2.06568
 -3.14378   2.90895
 -0.75518   4.98198
 -3.92330   2.73030
 -1.47887   1.94021
 -0.59237   5.60048
 -1.70715   6.49633
  0.78359   6.77730
 -3.88988   3.37270
 -1.30845   3.54508
 -3.46684   3.60822
 -3.11178   2.92128
  0.74067   0.33617
  0.30404   1.96965
 -0.66180   4.82403
  0.59168   4.16688
 -4.07073   3.26054
 -0.57196   3.40802
  0.47692  -1.44985
 -0.23805   2.43453
 -3.81254   2.51637
 -0.92771   3.29685
 -3.01137   2.97558
  0.46285  -0.63564
 -0.10799  -1.99962
 -0.66928   4.96555
 -0.28645   1.01158
 -3.23392   2.16317
 -4.23242   3.01348
 -0.04356   2.49418
 -0.16061   1.86754
 -0.78040   7.90616
 -1.08568   5.06026
 -0.78645   2.61872
 -1.03201   4.49273
  0.32575   3.68802
 -3.50226   2.17453
 -0.81622   3.27183
 -1.29145   5.35879
 -1.03092   5.42326
 -0.10076   6.20338
  0.06792   1.95519
  0.67587   4.49082
 -2.84747   3.16965
  0.78497   1.62599
 -3.25365   3.50652
 -2.40428   5.76534
  0.23197   4.43481
 -2.86038   3.56899
  1.26715  -1.14256
 -1.31234   1.41215
  0.09185  -0.74867
  0.18605   1.21515
 -1.30947   6.36685
 -1.38061   7.33383
 -2.99680   2.87887
 -3.90196   3.84497
  0.54605   1.63928
 -3.92273   2.55130
 -1.86609   5.35625
 -1.01554   3.80310
 -0.48741  -2.35490
  0.00450  -3.07630
 -1.26329   2.53026
 -4.01631   3.32777
 -1.17432   3.38665
 -4.40619   4.03735
 -3.08797   3.63122
 -0.67391   7.18558
 -2.97684   2.83785
 -3.34877   2.98070
  0.42143  -1.34442
  0.67789   2.34957
 -1.71050   1.87114
  0.50573  -0.46106
 -2.66526   2.58517
 -3.14405   3.86738
 -1.56550   6.64727
 -0.51548   6.75674
 -3.11184   1.90323
 -3.45391   3.88712
 -0.92960   1.52170
 -1.61007   6.11449
 -0.70764   9.14942
 -2.78701   3.82798
 -1.94270   4.25976
 -3.68669   2.84989
 -2.72441   2.74259
 -1.62866   2.20448
  0.33299  -1.64311
  0.48708   1.65939
  0.79492  -1.30875
 -3.54394   2.17677
 -1.89642   0.83343
 -3.18544   2.92029
  0.58517   1.20138
 -0.06244   1.95494
 -0.82322   6.12242
 -0.92700   5.08973
  0.03712  -6.56779
 -0.52840   4.33514
 -1.44127   4.35984
 -1.00482   4.01893
  1.21487   0.27493
  0.62706  -2.73131
 -0.94780   2.57007
 -2.61746   3.01358
 -0.72863   3.73327
 -2.75067   2.24378
 -1.36625   2.74820
 -0.71637   4.86805
  0.11273  -5.15005
 -1.68328   7.75192
 -0.33839  -1.44485
  0.43082  -0.51912
 -1.33511   7.49014
 -1.00119   1.97583
  0.45493   1.39973
  0.32474  -1.06059
 -4.25863   3.97906
 -1.03797   2.73289
 -0.77231   5.64921
 -0.05271   1.15845
  0.40877   1.66075
 -1.35288   2.95322
 -3.40024   3.69776
 -1.48124   5.84863
 -1.30536   4.36863
 -0.35344  -1.82787
 -0.85746   2.45311
 -0.55053   2.44722
 -1.54626   1.35189
  0.01872  -2.98700
 -3.22008   3.66574
  0.50309  -2.94859
 -4.36746   3.03156
 -1.38831   6.09360
 -1.17343   3.23765
  0.04160  -1.80089
  0.30262  -0.53298
 -3.04017   2.03870
 -1.15627   4.39295
 -3.91641   3.02420
 -3.79346   3.87191
 -1.23791   2.79204
 -3.56269   2.30422
 -3.66794   2.83538
 -2.27094   3.30322
 -2.72506   2.02361
 -1.87325   6.53983
 -0.70288   0.76251
 -0.90677   0.69321
 -1.13645   4.99672
 -0.24224  -0.57666
 -2.79777   1.93912
 -1.38236   5.01124
  0.05421  -1.74168
 -0.30927   1.63290
  0.74398  -1.63306
 -0.96354   5.77762
  0.43543  -0.74554
  0.89409   0.19654
 -1.02297   3.46254
 -1.29505   6.42866
 -3.64069   4.20248
 -3.07208   3.56964
 -0.46053   3.68196
 -0.91078   3.13171
 -3.95272   2.46135
 -0.93498   4.60683
  1.55341  -0.23612
 -1.25399   4.86815
 -3.67229   3.05977
  0.20023   0.38224
 -1.32555   4.68681
  0.00584  -2.22550
  0.27672   1.82135
 -1.90722   1.05384
  0.58720   0.05995
 -2.67306   3.45671
 -1.26465   2.85350
 -0.97544   5.82832
 -2.96768   2.20982
 -0.44929  -0.12784
 -3.29739   2.91163
  0.35581  -1.29555
 -0.41982  -3.61854
  1.18078  -0.14839
 -0.50611   2.15776
  0.14479  -3.12462
  0.25519  -1.81809
 -4.31578   2.51421
  0.07072   2.84843
  0.15454   0.53830
 -1.22825   4.22930
 -3.04845   3.20918
 -3.47265   3.51483
 -2.80482   2.67439
 -1.10052   5.91150
 -2.67264   1.46272
  0.18507   0.22684
  0.24661  -1.81993
 -3.09564   3.38231
 -4.08837   3.72993
 -0.82787   5.18886
 -0.11770   0.97235
 -1.29624   7.97954
 -3.22718   2.54635
 -1.00817   3.09067
  0.08714   2.63937
 -1.23363   6.83535
 -0.89083   4.63576
 -1.49329   3.71265
  0.34999  -2.18750
 -0.90011   2.89704
 -1.90424   8.30217
 -3.51813   2.89832
  0.09755   0.31705
 -3.49119   3.35935
 -1.24533   3.20568
 -2.41747   3.90578
 -2.77658   2.63264
  0.16985   1.86382
  0.22557   0.58970
 -0.25439   7.41803
 -0.18787   0.97505
 -2.79401   3.63925
 -0.99291   5.76469
 -0.90091   3.54639
 -3.87189   3.25678
 -3.57294   3.61576
 -2.04411   3.27457
 -3.37360   2.74630
 -3.14559   2.99669
 -3.41069   2.94585
 -3.86129   2.66313
  0.15641   0.86897
 -3.29090   3.68216
 -0.97550   0.71438
 -0.87890   3.29815
  0.04975   1.96538
 -0.74699  -1.42860
 -0.92019   6.36883
 -2.20840   2.34820
 -1.18285   4.42555
 -2.33248   3.04605
 -2.99186   2.14429
 -0.69994  10.24769
 -0.17114  -3.39625
 -3.21618   3.15119
 -1.03719   5.12528
 -1.95471   0.71488
  0.92601  -1.41297
 -1.46465   3.13161
 -3.54965   3.06446
 -1.35900   2.64132
 -0.38467   7.62856
 -4.36989   2.46181
  0.47485   0.40241
 -3.33419   3.04400
 -3.10897   3.36950
  0.64424  -2.60033
 -3.74277   2.54293
 -3.99622   3.10193
 -0.62391   6.50144
 -2.52074   3.96901
 -3.56542   2.01128
 -0.60817   4.66752
 -1.41682   3.59891
 -4.31066   3.05453
  0.17521  -2.55341
  0.89956   2.25208
 -2.98804   1.94113
 -2.98211   3.23767
 -3.68158   3.18291
 -0.85774   3.24603
  0.99061   3.31880
 -0.82762   4.58435
 -2.34516   2.09698
 -3.12098   3.10736
 -2.94533   2.65100
 -0.10048  -0.09353
 -3.44909   2.89573
 -0.21184  -1.90519
 -3.53148   4.53640
 -0.18171  -0.51949
  0.06686  -0.34454
  0.34750   1.96644
 -2.93452   2.95276
 -3.46386   2.52104
 -0.80860   1.31934
 -0.09522  -1.24278
  0.43492   3.60688
 -0.72622   6.56908
 -0.20852  -1.87771
  0.08426  -2.41385
  0.13107   1.38669
 -2.97229   3.16412
 -0.11978  -3.14202
 -0.41765  -2.32729
 -3.51568   2.34570
 -3.07301   3.26153
 -0.75760   7.50112
  0.15287  -0.48428
  0.52095  -2.37042
  0.56515  -1.31385
 -3.72863   2.73199
 -3.34600   3.92989
  0.37248  -0.39944
 -2.80720   3.78632
 -3.31167   3.84854
 -1.32810   4.98110
  0.86821  -4.82270
  0.46412   0.95985
 -3.88573   2.95891
 -3.12761   2.41981
 -1.00027   4.60728
  0.33460  -0.16190
 -0.84003   6.34272
 -0.55843  -2.67328
  0.42729   1.74120
 -3.91301   3.67981
 -0.42999   5.23058
 -1.48229   4.56495
  0.71403  -3.65176
  0.50764   2.50293
  0.05779  -2.58556
  0.21296  -2.99479
 -0.83118   5.12629
 -0.82086   8.38129
 -3.54566   1.87672
  0.51942   0.00601
 -3.06043   2.95149
 -3.79336   3.37210
 -0.21919  -3.16892
  0.02619   1.52449
 -0.64072   3.85371
 -2.95813   2.67904
 -3.74197   2.84437
 -1.05988   6.00919
 -0.86067   2.71302
 -0.50077   1.25412
 -3.67758   2.09210
 -0.36837  -1.34332
  1.36196  -0.06874
 -0.87540   4.02612
 -2.62227   3.71294
 -1.71031   2.24497
  0.55473  -0.95203
 -3.93047   2.72355
  0.39201   1.78023
 -2.94423   3.78466
 -0.12443   1.43948
  1.06252  -1.25932
 -3.52369   3.17610
 -4.42545   2.49978
 -4.24809   2.44549
 -3.44894   2.72222
 -3.03859   2.44473
  0.21942   3.92023
 -0.48569   2.15018
 -1.04382   3.90483
 -2.86449   3.27618
 -3.34119   4.39296
 -1.19262   3.33151
 -1.06240   3.91632
 -3.18472   3.53949
  0.62397  -0.41680
 -0.81164   4.88601
 -2.97061   2.81518
 -3.30357   2.34770
 -0.30445  -2.92939
  0.02698  -5.40628
 -1.56094   4.18766
  0.80647   2.35485
 -0.82640   5.31465
 -0.11023  -0.66799
  0.10692  -0.55191
 -0.00117  -2.19833
 -2.91844   2.46546
 -3.34582   2.74380
 -2.85198   2.87764
 -0.82434   0.13056
 -0.73611   2.64549
 -2.75517   2.69563
  0.67674   2.89725
 -3.83683   2.88286
  0.39869  -0.85772
 -3.54494   3.14916
 -2.86001   2.62555
 -3.73138   2.68185
 -2.46701   3.37667
 -1.63846   7.04295
 -0.25980   7.77910
  0.99084  -0.41562
 -1.70722   5.65977
  0.87381  -1.09535
 -0.82361   4.42383
 -3.27367   3.33673
  1.13106  -1.29490
 -3.94918   1.81233
 -2.05690   0.80723
  0.40300  -2.75800
 -1.92601   5.90190
 -0.03317  -1.21673
 -0.47938   2.84399
 -0.87944   4.88179
 -2.65117   3.44495
  0.40015   2.49797
 -1.68768   5.87121
 -2.87868   3.12534
 -1.19606   4.72937
 -0.10742   0.33157
 -2.91470   3.00221
 -0.47794   6.60204
  0.35569   0.66333
  0.22206  -5.68394
 -1.00028   3.71156
  0.09731   0.21537
 -0.77679   4.13079
  1.35242   0.64940
  1.31249  -0.81244
 -1.49973   3.59260
 -3.75261   3.94728
  0.65176   0.84886
 -0.36085   1.70130
  0.10688  -2.68506
 -0.93000   3.43113
 -3.24894   1.88404
  0.11679  -3.75916
 -1.83741   3.50796
 -3.56597   2.19120
 -0.61908  -2.60565
 -0.66724   2.86027
  0.54149  -3.72699
 -0.77693   3.79210
  0.81057   1.46509
  0.18726   1.49530
  0.27751   2.37883
 -0.87660   3.11439
 -1.50973   5.41485
 -2.07559   2.59600
  0.53234  -0.31255
 -0.18422  -1.41526
 -0.40509   0.45616
 -1.50486   3.46793
  0.14389  -1.87192
 -3.10054   2.49149
 -1.30972   4.84115
 -2.51015   3.36941
 -0.23271   3.21382
  0.03188   0.82833
  0.63913  -0.31687
  0.61654   3.04520
 -0.61967   4.34723
 -0.58113   5.18039
 -2.89645   2.84426
 -1.33177   8.86875
  0.21529   0.09534
 -3.81765   3.00242
  0.38092  -0.09139
 -4.14427   3.59802
  0.52914  -2.03896
 -2.72422   2.78786
 -0.04389   1.12612
  0.64720  -1.18318
 -2.91094   4.19043
  0.11653   1.40243
 -2.92601   3.37991
  0.63189  -0.02008
  0.15930   1.89407
 -0.44807  -0.30841
 -3.16650   3.08343
  0.79851  -0.43213
 -3.87602   1.78126
 -2.69231   2.37213
 -0.74073   6.52108
 -0.90846   5.00634
 -1.49915   2.60607
 -4.28081   2.61333
 -2.32147   3.35977
 -1.71330   6.74972
 -3.42424   2.73981
 -1.79368   4.45958
 -0.34343  -1.48842
  0.47194  -1.73829
 -1.00710   3.19774
 -1.21960   4.58899
 -0.71061   4.34111
 -2.44639   2.04416
  0.08566   0.24131
 -0.98008   2.94904
 -0.44153  -2.66950
 -3.75013   3.33969
 -2.84949   3.52451
 -1.29123   5.51519
 -2.58293   3.60971
 -4.52699   3.14766
 -4.23381   2.84766
  0.92928   0.30528
 -1.17930   3.31544
 -1.02882   5.66469
 -3.08261   3.50508
  0.72037  -0.38415
 -2.06822   3.27191
 -3.64983   1.66145
 -3.37703   2.84396
 -1.13672   4.88112
 -1.39149   5.06054
 -4.01873   2.31025
 -0.48750   4.40158
 -1.67862   6.01093
 -3.32407   3.28945
 -3.00425   3.97549
 -1.51052   2.63668
  1.05460  -0.64460
 -3.81052   3.32435
 -1.04764   3.43656
 -0.09399  -0.99644
 -1.27920   1.45389
 -2.64623   3.19073
 -2.94461   2.22581
 -3.51313   3.01454
  0.60521   0.37362
 -0.68400  -4.35518
 -1.64246   3.00165
 -0.16441   0.21951
 -0.51411   3.50608
 -0.99068   2.17812
 -0.89284   8.07098
 -3.61592   3.15165
 -2.60529   2.51377
  0.08041   3.03082
 -3.75996   4.06043
 -0.68023   4.11566
 -1.34083   1.07221
 -3.30165   2.29350
 -0.21421  -1.16024
 -3.34082   3.81430
 -0.59225   2.30843
 -1.36927   6.67525
 -0.25449   0.24585
 -2.05242   1.05791
 -1.30935   7.94497
 -1.81388   3.99372
 -1.04261   7.10122
 -0.05529   0.29252
 -0.89049   5.35781
 -4.09859   2.28852
 -0.05187  -4.42643
 -1.03452   5.96811
 -1.01559   1.99049
 -0.41165   3.61521
  0.27796  -3.28393
 -0.71792   5.92843
 -1.95201   4.60911
  0.28752  -0.02482
 -1.07337   3.28289
  0.00220  -1.73097
 -0.42641   1.93697
  0.49930   3.04976
 -1.19042   8.22730
 -2.80127   3.23473
 -4.08489   3.43670
  0.63970   0.47746
 -3.85361   2.45927
 -0.83357   3.41124
 -1.05091   3.69371
 -2.77079   3.10166
  0.61855   0.68632
 -0.87068   4.84176
  0.91884   0.30074
 -1.86992   3.60585
 -3.37103   2.20371
 -1.53950   6.47089
 -3.96077   2.49860
  1.05542   2.51251
 -3.69776   3.43593
  0.62337  -3.86364
  0.75365   2.65228
 -0.71514   2.25912
 -1.19518   4.65635
  0.06267   1.02740
 -3.10979   3.42691
 -2.82318   3.57048
 -1.93452   1.15055
 -3.62433   3.26169
 -0.27322  -1.50567
  0.16839  -1.46052
 -2.79024   2.98530
 -0.65929   2.92712
 -0.72725   5.02695
  0.17443   0.36773
 -3.89258   3.71819
  1.01646   0.85202
 -2.51247   1.37511
 -0.39033   8.32329
  0.52500  -3.07700
 -1.41082   1.81300
 -2.69068   2.80230
 -0.05337   2.43882
 -0.46455  -0.19316
  0.15138   1.90472
 -0.09350  -4.43935
 -1.75992   3.71573
 -2.95676   3.58977
  0.86632  -0.52078
 -4.50568   2.94870
 -0.78320  -2.76846
 -0.54582  -3.61854
  0.64276   0.51160
  0.71590   0.85635
  0.07281   3.73723
  0.07713   1.18474
 -3.40215   3.00804
 -2.06011   3.94027
 -3.06421   3.81463
  0.01502  -5.13826
 -0.96784   7.88635
 -3.60465   3.12626
 -3.97627   1.85319
 -1.15424   8.02452
  0.41877  -0.79587
 -2.65692   2.69421
 -0.82476   5.58213
  0.05580  -1.61519
 -2.49659   2.90137
 -3.26993   2.54184
  0.70531   0.45347
 -2.49312   3.18241
 -1.15837   1.15324
 -2.67366   2.83189
  0.55211   0.64910
 -0.27845   2.53601
  0.47577  -1.64028
 -2.00541   5.50957
 -3.02067   2.51995
 -4.04449   2.97326
  0.55431  -3.20492
 -3.41611   3.10443
 -0.04072  -1.87899
 -0.96701   3.82227
 -1.46914   6.01846
 -1.06683   7.07036
 -1.02291   7.14140
  0.81083  -2.28061
 -3.17773   2.71680
 -0.74157   2.14592
  0.10432  -0.23165
  0.47849  -1.21686
 -0.23488  -0.84207
 -0.25018  -1.42701
 -1.19378   6.41520
 -2.49091   3.29091
 -0.88256   7.40598
 -4.07535   3.10088
 -1.21522   3.81610
 -1.03982   2.18074
  0.51574  -1.91903
 -1.29908   3.25738
 -0.17445  -2.88544
  0.24836  -2.59599
 -3.78467   2.59107
 -0.59598   7.17462
  0.56746  -0.07059
 -0.39615  -1.44934
 -3.55851   3.39431
 -0.17578   2.16068
 -1.50070   4.76593
  0.72834   0.48479
  0.46540  -0.05871
 -0.14921   2.29787
 -2.96925   3.32499
 -2.73342   2.78187
 -3.53986   1.62249
 -2.75017   3.06510
  0.84228   2.07536
 -3.22953   3.68091
 -0.67981  -0.39617
  0.03129   1.61538
 -0.04248   0.30013
  0.08524   1.11999
 -1.68969   6.38863
 -3.19177   3.14556
 -0.03169  -0.25320
 -0.27518   3.18306
 -0.12263  -0.27565
 -0.48107  -0.45526
 -1.42624   4.16315
  0.54597  -1.56670
 -3.37869   1.41455
  0.13402   0.38327
 -3.26416   3.13620
 -4.47117   3.79127
 -3.26496   2.60064
 -3.32789   2.95152
  0.61292  -4.06411
 -4.26482   2.34441
 -0.39900   6.67688
 -3.55518   2.63788
  0.25695   3.29107
 -0.04305  -3.41087
 -0.87291   5.72770
  0.26135  -1.85253
 -0.81133   3.42003
 -0.69687   8.07738
 -1.02369   5.86076
 -1.26641   2.30641
  0.23689   1.66353
 -3.21424   3.17935
 -3.86288   2.96136
  0.56850  -3.42815
 -1.59308   3.56842
 -3.09619   1.73545
 -3.93478   2.68052
 -0.12374   1.43185
 -4.28060   3.07222
  0.06485   2.24196
 -0.11561   1.86272
 -1.04918   6.38118
  1.17075   1.33287
 -3.98124   1.48951
 -0.87148   3.60230
 -0.27279  -1.20026
 -0.14867  -1.20879
 -3.75618   3.39513
  0.13950   0.26287
 -0.93325   5.95132
 -2.77352   2.36456
 -2.89998   3.64314
 -3.06475   3.94408
 -3.33610   3.76596
  0.18952  -1.51078
 -1.73534   5.50584
 -0.59699   0.04347
  0.50502  -1.80002
 -3.58727   2.86939
  0.05664  -1.35551
 -1.55299   1.64294
 -1.05841   3.66456
 -3.02472   3.67324
 -2.91076   2.56558
 -0.67382   3.06333
 -3.03796   2.23137
 -0.87285   6.35268
 -0.94297   9.27304
 -1.67068   5.55353
 -0.92601   0.98119
 -1.01657   0.56486
 -1.28477   6.28653
  0.02869  -1.46021
 -1.29703   1.72252
 -3.25141   2.15893
 -3.95781   2.52497
 -3.46972   3.38721
 -1.34619   7.73482
 -0.82192   0.70843
  0.02192   0.83658
 -0.00338   1.11495
 -1.12954   7.39657
 -1.31750   5.08398
  0.97196  -6.66764
  0.10384   0.89961
 -1.55390   2.64706
 -0.19829   0.54923
 -0.09316   1.31455
 -1.07184   7.08490
 -3.17805   2.83935
 -1.12469   5.81940
 -0.33110   2.16447
 -3.24679   2.92444
  0.00329   3.76952
 -1.26204   4.81239
 -2.37815   2.96684
  0.94848   0.29049
 -0.93064   6.65079
 -2.12993   3.87252
 -1.14212   5.01745
  0.12415   0.31861
 -3.44335   2.44132
 -1.16772   6.67945
 -1.47936   4.03941
 -1.43461   5.86984
 -1.48448   4.02599
  0.49509   4.25029
 -1.79770   3.13297
 -0.95700   3.94823
  0.33183  -0.03818
 -2.20742   2.36988
 -4.37264   2.14846
 -3.52369   3.22050
 -3.20751   2.71049
 -3.59472   3.46758
 -4.17440   2.83369
 -3.06954   2.34611
  0.46733  -1.90374
 -0.76495   7.55844
 -0.22359   1.63718
  0.94845  -1.05125
  0.11986  -0.69444
 -3.28299   2.04337
 -0.30674   1.32441
 -0.73471   2.09314
 -0.78442   4.09458
 -0.12816  -1.61583
 -2.47544   3.12808
  0.06239   0.50489
  0.47917  -1.80151
 -3.35889   3.22548
  0.05183   1.59259
 -1.18355   6.77138
 -0.08440   1.46341
 -3.53574   2.47809
 -3.52484   1.91488
  0.17636   3.76377
 -2.79717   3.25056
 -3.52550   2.27187
 -2.97776   3.18820
 -1.22524   9.99099
 -1.89888   2.51238
 -0.47932  -1.95251
 -3.69649   2.74416
 -1.31724   1.21681
  0.03095   3.43198
  0.32904  -3.70775
 -2.85964   2.62151
 -0.07388   0.56949
  0.53799   5.65924
 -3.35035   2.75627
 -1.80794   6.20058
 -1.15343   2.33788
  0.16247   1.01388
 -2.66479   4.13844
 -2.94519   2.64050
  0.43026  -3.04710
 -3.46779   2.67753
 -1.44289   6.45465
  0.72087  -1.62461
 -0.69797   5.62744
  0.17079  -2.63438
  0.22653   3.74357
 -2.77107   2.41298
  1.20420   1.53315
 -1.18123   5.34579
  0.83207  -1.55541
  0.63539  -2.68397
 -0.83389   1.95557
 -2.89388   2.76528
 -0.59112   1.62476
 -2.93763   2.41737
  1.12684   0.29963
 -3.79135   3.51242
 -3.57720   2.01093
  0.07784  -1.11845
 -0.74584   6.50315
 -0.72330   4.69228
 -1.89771   3.55864
 -0.26054  -1.11650
 -1.61807   6.13500
 -0.49548   3.17856
 -3.24785   2.16487
 -1.24455   3.69141
 -3.82362   3.38679
 -3.71859   2.73243
  0.26807  -2.46631
 -0.59183  -1.65055
 -3.46883   2.93225
  0.15424  -2.22414
 -1.09963   1.58356
  0.62516   2.61937
  0.50701  -3.26839
 -3.40011   2.84991
 -1.56567   6.03375
 -0.68097   3.04102
  0.32452  -1.78402
 -3.30697   3.68503
 -2.69084   3.95132
  0.58748   3.23379
  0.55337  -1.94983
 -3.15183   2.98053
 -1.86649   3.10294
 -0.57627   5.92372
 -0.56943   3.00142
 -1.64200   9.50570
 -1.43579   0.59198
 -3.75262   2.23701
 -3.28265   3.15425
  0.28791  -2.38597
  0.28112  -0.11457
 -0.59676   4.47057
 -0.99730   4.57869
 -3.43665   3.17912
 -0.28722   1.99949
 -1.86888   4.35746
 -0.20053  -1.07960
 -0.53615   3.67527
  0.64473   1.75708
 -3.00120   2.38710
 -0.73296   0.90322
 -1.54918   6.64231
 -0.22685  -1.81214
 -1.54324   2.54374
 -0.39842  -2.70886
  0.23361  -2.13345
 -0.85101   5.15588
 -0.53622   6.15051
  0.30203  -0.42352
  0.86504  -1.53870
  0.08069  -1.82303
 -1.00328   2.15854
 -0.79187   6.34185
 -4.04346   3.04627
  0.41298  -0.20343
  0.44616  -2.15459
 -1.16251   4.59689
 -3.52320   3.63458
 -3.05336   2.24133
 -0.70855   6.10951
 -0.95550  -0.09222
 -0.40336   2.84262
 -1.03271   4.05670
  0.63683   0.66393
 -1.09349   5.43580
 -3.53332   3.96909
 -0.17876   4.21681
 -2.83339   2.37794
  0.23801   4.30787
  0.42277  -3.78204
 -3.83231   2.49299
 -0.04948   0.90917
 -2.63502   3.24165
 -1.24517   6.87270
 -1.92703   2.36952
 -0.87399  11.28623
 -3.90113   3.40383
  0.40564  -1.10790
 -1.58258   3.03458
  0.45885   1.43674
  0.59609  -0.78342
 -0.99736   6.45537
 -1.65099   7.22728
 -3.17739   2.45607
  0.91396  -1.11410
  1.49754   6.34994
  0.09839   2.69000
 -0.58570   0.51503
 -1.06212   4.66269
 -0.86817   0.21674
 -0.06233   1.05941
  0.39346  -0.35732
 -0.72392   3.04991
 -3.24153   2.59856
  0.31716   1.69423
 -3.38103   3.09232
  0.19842  -0.44344
 -0.67947   2.70359
  1.24525  -0.52615
 -2.91791   3.59386
 -0.92975   5.69785
 -3.66131   3.04211
 -2.86437   2.33360
 -0.77864   4.60799
  0.09039   0.35581
 -0.23800  -0.74363
 -1.37091   0.52857
  0.15856   2.41151
 -3.15316   2.91646
 -0.19625   1.88357
 -0.26804   0.60395
 -0.93844   5.22679
 -0.36450   1.79973
 -0.65688   5.71949
 -3.50194   2.96662
 -1.04526   4.41967
  0.15968   2.57142
 -2.24277   2.79107
 -1.71101   0.78002
 -3.55731   2.94875
 -1.38707   3.78163
 -3.88552   2.01676
  0.57959  -0.80266
 -1.68267   1.85412
 -0.70996   3.52664
 -2.44647   2.99621
  0.09626   3.84241
 -1.20672   3.03465
 -3.99743   2.60897
 -0.40150   7.38341
 -0.57937   5.85418
 -0.85928   7.27361
 -3.25599   3.26440
  0.49040   1.00560
 -0.56485   5.81557
  0.13329  -2.42234
 -3.18308   2.84624
 -1.50799   6.14336
  0.18553  -2.52666
 -0.85172   6.57045
 -3.35255   3.02076
 -2.73091   3.03975
 -1.03528   6.03726
 -4.69515   2.69030
  0.87203   0.72315
 -0.85924   2.03855
 -1.12808   5.35962
 -0.83519  -1.84721
  0.20515   1.58905
 -1.23698   5.48660
 -0.98201   2.28599
 -3.40200   2.50787
 -0.94299   4.12453
 -3.42327   3.38335
 -3.12006   2.56167
 -0.92045   3.08832
 -1.15388   6.17705
 -0.78500   6.53592
 -2.29288   5.80518
 -2.89222   3.06136
 -2.73994   2.57410
  0.09993   1.68077
 -3.09369   3.45999
  0.46006  -0.40681
 -1.20571   4.25691
 -0.83289   5.59834
 -2.71955   2.85874
 -1.13682   2.27558
 -0.09010   3.02341
 -1.53168   1.62971
 -2.00448   2.86884
  0.98137   2.16938
 -3.54975   1.85405
 -0.86291   3.76362
  0.50170   2.06315
 -2.64683   3.06090
 -0.77826   5.19239
 -3.56204   2.86444
 -3.79110   3.28790
 -1.51649   2.69033
 -1.42788   6.77870
  0.48899  -1.99539
 -3.79451   1.83791
 -0.67713   6.64682
 -4.69830   2.17047
 -3.33058   2.70698
  0.22161   1.03930
  0.32795   1.00448
 -1.99794   2.59535
  0.47321   1.41820
 -3.45906   2.52670
  0.86901   1.26256
  0.92511   0.05881
  0.36042   3.74059
  0.11647   1.20567
  0.77262   0.84924
  0.88380  -0.31515
  0.30575  -0.58201
  0.55302   0.47979
 -1.01785   2.24438
 -3.76577   2.87047
  0.11244  -0.89225
 -3.29756   3.17895
 -1.23588   7.45237
 -0.65692   4.44033
 -1.22963   7.87228
  0.70588  -1.06175
 -0.27355  -0.11319
 -0.43809   5.13513
 -2.74886   3.62772
  0.32208  -0.96232
  0.05564  -0.71127
 -1.12960   5.50752
  1.04174  -3.79726
 -0.84252   6.15603
  0.54135   0.09648
 -3.65337   2.19307
 -2.55034   3.15384
  0.49448  -0.52392
 -0.80750   5.05226
 -0.60704  -1.05058
 -0.28088  -0.63520
 -1.62207   3.98314
 -0.79945   6.86829
  0.66112  -1.50843
 -2.97623   2.97386
 -3.07868   3.11547
 -0.95021   3.98220
  0.11691   0.15862
 -0.19761  -3.32056
 -3.48592   3.39129
 -3.94586   2.29899
 -0.15542  -2.11888
 -3.38067   4.00951
 -2.85532   3.47733
 -0.92236   4.76214
 -2.46709   3.15922
 -1.22269   7.63080
 -1.01035   5.62935
 -2.45261   3.63263
 -1.17642   8.07251
  0.16551   1.20545
 -0.32240   7.20982
 -2.58817   2.94748
 -0.36682   6.00129
 -0.80587   6.06284
 -0.44146  -5.20031
  0.13839  -0.34911
  0.56297   0.15903
 -0.78075   2.03511
 -0.60559   0.83765
 -1.08946   3.92754
 -0.19286   3.76871
 -1.59191   4.34708
 -1.63386   3.88761
 -3.21298   2.46556
 -0.70457   6.48233
 -2.93975   1.91093
 -0.70080  -0.79398
  0.46862  -0.33390
 -0.35107   1.77594
  0.90654   3.62741
 -3.58694   3.39065
 -1.18340   7.08249
  0.00251  -0.11562
 -2.53731   3.05029
 -1.34738   6.19297
 -3.00787   2.78042
  0.30354  -1.58815
  0.31515  -1.96841
 -0.57943   1.78904
 -2.98506   3.28362
 -4.73220   3.40352
 -0.99645   6.07363
 -0.80894   6.46599
 -0.96425   2.70370
 -3.32870   3.59684
 -1.75845   5.93733
 -3.89689   3.57552
  0.32117  -2.44981
 -0.83458   4.92242
 -3.35381   2.79414
  0.25998  -0.48895
 -0.70327   1.85828
 -0.38922  -1.71142
 -3.97159   2.15443
 -0.88276   3.82570
 -3.30014   3.85492
 -3.45617   3.92460
 -1.05178   1.41304
 -1.54311   4.16379
  0.82533   2.30528
 -2.09218   3.19773
 -3.05157   2.87915
  0.26203   0.26693
 -3.65329   3.23222
  0.42854  -2.26112
 -3.18949   2.86578
  0.30509  -0.73380
 -3.61208   3.37824
 -0.03829  -1.35877
 -3.13276   2.14310
  1.24324  -1.18239
  0.86485   2.41420
 -2.72984   3.00186
 -3.10257   3.27065
  0.49563  -1.27323
 -1.31369   2.44752
 -0.17835   0.97159
  0.05749  -0.00927
  0.21359  -2.31189
 -0.32175   8.48275
  0.11556  -0.41893
  0.68073  -0.86153
 -0.31085   3.18524
 -0.10686  -2.68507
 -1.15997   3.16444
 -3.79962   4.21485
 -0.93578   1.67302
  0.16470   0.97564
 -2.15812   3.17548
 -3.70200   2.94058
 -2.65182   3.67569
 -3.76163   3.19875
 -0.48032   8.06147
  0.30642  -3.57081
 -1.26661   4.17057
 -4.19719   3.08258
 -0.30704   2.49627
 -1.25282   2.62188
 -2.58499   2.29031
 -1.20889   4.20727
  0.48561   0.06909
 -2.44257   2.83234
 -3.10403   2.62558
  0.28463  -1.43939
 -0.08352  -0.56723
 -4.54043   2.65981
 -2.82347   3.16843
  0.08098  -3.27864
 -0.46957   6.81932
 -3.46090   3.54075
 -0.50107   6.59777
 -2.78850   2.73630
 -0.09868   3.27034
  0.26578   3.56567
  0.33163   2.82398
  0.20449  -0.63728
 -0.76486   3.76421
 -3.52619   3.49239
 -2.80592   3.99879
 -3.58541   3.84663
 -0.77062   3.81050
 -3.81629   2.98980
 -1.72088   3.48387
  0.46149   2.57611
 -1.51771   1.32389
 -3.24683   2.80714
  0.50843  -0.39870
 -2.96370   3.36198
 -3.23957   3.22423
 -4.14013   3.02163
 -1.12450   3.28939
 -4.12577   2.88926
 -0.29119   8.12033
 -0.88091   3.83714
 -0.21318   0.11243
 -1.01291   6.58071
 -0.84396   4.85454
  0.48924  -2.10130
  0.27591  -0.39006
 -1.13682   7.38274
 -2.53406   4.28787
  0.57903   0.13404
 -3.68885   3.25687
  0.67287  -0.09016
 -2.02022   4.18666
 -3.14288   3.85069
 -0.55465   2.65402
 -1.58292   2.51208
 -0.73158   4.39204
 -0.47770   3.25954
 -1.06115   3.75041
  0.11601  -0.91681
 -1.33926   5.10976
 -0.98596   3.12494
 -0.28302   3.32148
 -1.67781   3.99297
  0.37691   1.05829
  0.01842  -2.06262
 -3.42130   2.63740
  0.13073  -3.26090
 -2.50219   2.97426
  0.96495   0.26807
 -2.90192   3.02709
 -1.59721   4.72592
 -0.83042   2.06289
 -3.40452   2.75514
  0.12716  -2.32739
 -3.79627   3.18093
 -1.37092   2.53831
 -1.21383   7.45422
 -1.67022   2.84559
 -0.32366   0.57815
 -1.67737   3.63065
 -1.36330   4.59076
 -1.08790   5.68626
 -0.14865   0.93843
 -3.09870   3.61422
