 -5.01456  -0.91815
 -2.27655  -1.60645
  5.07200  -6.99442
 -2.39551  -0.44625
  3.70629  -2.41760
  6.89776  -2.32159
 -5.95898  -1.25779
  5.23796  -6.57287
  4.98826  -7.17219
  5.59218  -2.43820
  8.87712  -2.91237
 -4.94033  -0.93796
  1.33915  -2.75705
  3.44760  -3.12797
  1.84901  -2.97422
 -7.67941  -0.99289
  6.93248  -2.79635
 -5.10307  -0.72431
  6.64852  -2.15415
 -9.96629  -1.59455
  5.44909  -1.85875
  2.13037  -2.98941
  4.89232  -5.40534
  5.25974  -2.42490
  7.93476  -2.50234
  4.74053  -4.82017
  4.95008  -2.32916
  4.70680  -2.14420
  5.32918  -5.39314
 -7.72827  -1.22521
  4.73386  -6.35338
  1.36549  -2.39402
  5.01598  -2.45548
  4.98341  -5.89991
 -0.93422  -1.81945
  5.02614  -4.93320
 -4.72500  -1.13235
  8.34194  -2.55314
  5.10210  -4.63129
  0.42977  -1.72227
 10.28277  -2.98714
 -7.08538  -1.28288
  5.35951  -5.21083
 -1.10937  -2.56333
 -0.33278  -2.65777
 -7.57765  -0.47903
  4.76763  -1.34148
  4.52102  -2.18922
  2.91043  -2.37569
  4.87070  -5.49060
  0.77158  -2.65045
  4.93650  -5.49074
  4.86980  -5.93221
 -1.42746  -0.97661
 -2.41941  -0.78652
  4.92043  -2.95046
  8.06940  -2.94867
 -7.54848  -0.91443
 -1.96086  -1.27017
  4.96770  -2.94802
  5.34732  -7.08679
 -5.08146  -0.53421
  4.89141  -5.90241
 -6.21226  -1.23617
 -3.72677  -1.36460
 -3.36841  -0.99725
  5.15991  -6.91109
 -4.80386  -1.22829
 -0.75898  -0.66699
 -4.60672  -1.14817
 -6.46259  -0.57411
 -1.36226  -0.63182
 -7.29887  -1.14132
 -2.46613  -0.91564
  4.81596  -3.15689
 -5.28234  -0.53080
  5.06534  -5.59826
 -2.12072  -0.99342
  6.16498  -2.83949
  6.84028  -2.94603
  5.19448  -2.61434
  4.86456  -2.28642
  4.43184  -6.43055
  5.09326  -5.26398
  2.59856  -2.84063
 -6.94665  -0.86601
  4.87974  -3.44892
 -3.45985  -0.75343
  5.10657  -3.65476
  4.97707  -6.54966
 -0.69916  -2.79085
 -3.54164  -1.52008
-12.15696  -0.81532
  4.80248  -2.65726
 -4.48162  -0.83466
  4.41802  -6.89329
  5.08073  -3.31123
  4.98558  -5.09596
  4.85708  -2.94538
  4.89518  -1.69148
  9.62409  -2.88520
  4.64717  -3.66520
  2.47839  -2.70795
  5.91889  -2.55717
 -5.00066  -0.80567
  4.83691  -5.33283
  2.55577  -2.61525
 -2.61937  -1.17309
 -4.23207  -1.20117
 -6.41392  -0.43172
  4.95258  -5.47460
  3.27191  -3.06227
  5.36473  -2.73196
  5.18761  -0.48802
  9.61008  -1.93241
  5.13447  -3.12931
  0.57237  -2.53430
  5.09038  -4.66707
 -5.14682  -0.45848
  3.72824  -2.62861
  4.23288  -2.22908
  5.03754  -5.86148
 -6.62466  -0.70336
  3.04395  -2.66688
  5.30580  -4.45198
 -5.37959  -0.33641
 -2.61886  -2.58350
 -4.29095  -1.01495
  5.18649  -2.60624
  0.91965  -2.45466
 -4.52580  -1.05065
 -5.95522  -0.79757
  5.03178  -2.65868
  2.45363  -2.57409
 -3.58336  -2.71496
  4.94507  -4.70662
 -2.87731  -0.86200
 -4.50430  -0.72345
  4.82332  -4.08978
 -0.89071  -1.53671
 -6.36917  -0.60072
  4.17745  -3.30180
  4.74671  -5.18212
 -7.76269  -0.68291
  2.92850  -2.67090
 -6.91073  -0.37642
  5.07150  -1.46436
 -6.30864  -1.12784
  4.94290  -3.60536
 -1.76894  -0.89737
 -5.18766  -0.97617
 -5.79249  -0.69304
  5.07068  -5.82048
  4.81397  -4.14736
-10.36243  -0.98369
  4.67140  -5.90338
  5.15060  -6.12787
  4.66132  -3.93434
 -4.76835  -0.59157
  4.88359  -5.36975
  4.82187  -2.92650
  4.41540  -3.26733
 -8.69504  -1.29179
  3.81504  -2.59099
 -8.23197  -1.05860
 -1.85209  -1.16475
 -4.05878  -1.24759
  8.58399  -2.42280
 -6.63053  -1.40894
  4.59137  -3.01260
 -5.36649  -0.84413
  4.80636  -3.85964
 -7.95338  -0.77912
 -7.42262  -0.49238
  9.93648  -2.61599
 -4.78282  -1.03490
 -6.45756  -1.36051
  7.46688  -2.87124
  5.07074  -3.60153
  5.28152  -7.62974
  5.35349  -5.46059
  4.99132  -2.59547
 -4.43537  -1.57499
  5.06843  -4.67928
  4.91027  -2.41009
 -6.95346  -0.23189
  4.61716  -6.91041
  4.83478  -0.82424
  2.65516  -3.09671
 -8.10009  -0.56740
  4.92007  -3.56668
  5.13647  -4.63513
 -8.35990  -1.45145
  3.02099  -2.76508
 -6.72520  -2.36339
  4.80147  -3.01882
  6.15084  -1.80341
  4.95104  -3.51224
  4.64802  -5.73635
  4.82802  -2.68888
  6.14705  -2.32026
  6.41995  -2.16500
 10.12382  -2.23914
  2.35250  -2.99887
 -2.28335  -0.82076
  3.09309  -2.63201
 -0.10479  -2.93843
  4.97356  -5.11244
  5.43424  -0.80951
 -6.48248  -1.62531
  3.29546  -2.34723
  0.25632  -3.02496
  2.00212  -2.35236
 -1.79484  -2.75501
  5.05064  -1.61071
 -5.36426  -0.81364
  4.95369  -2.75586
 -6.45397  -1.07596
  6.94334  -2.53622
  5.13800  -3.91180
 -3.80193  -1.01721
 -5.69428  -0.88412
  3.85808  -2.58705
 -7.70443  -1.05870
  4.98145  -4.13725
  7.98069  -2.96714
  4.63846  -3.65156
 12.85335  -2.26587
  7.64964  -2.87127
  5.00520  -2.37517
 -2.96445  -1.25940
  0.96956  -2.63728
 -7.97073  -0.79750
 -3.31073  -1.35998
 -5.73447  -2.24338
 -0.39604  -2.85861
  5.04813  -4.67990
 -3.55314  -1.33102
  4.74272  -7.66169
  0.28257  -0.93196
  8.81416  -2.74884
  8.57062  -2.48899
  9.16821  -2.52102
  5.06760  -3.51647
 -5.31490  -0.64745
  5.09416  -3.84049
  6.30569  -2.47791
  4.55316  -4.57058
  3.23812  -2.65835
 -0.40587  -2.60589
 -7.33685  -0.85628
 -4.26212  -1.36002
  5.17101  -0.97728
  4.37758  -3.04188
  2.08403  -2.78382
  5.22970  -5.09282
-11.50749  -1.23099
  5.01154  -2.34982
  5.20568  -8.46305
 -0.81408  -2.64904
  2.35347  -2.53591
  7.34304  -2.91823
  4.81550  -2.77874
  4.87469  -4.09385
  5.14951  -1.91392
 -3.09553  -0.72930
  0.80308  -2.24322
  3.07388  -2.50758
  4.64202  -4.08462
 11.84049  -2.97309
 -4.81917  -0.69799
  4.46233  -5.39213
  4.62128  -2.74566
  5.06350  -2.14763
  3.64512  -2.35166
  4.52882  -2.36147
  3.66907  -0.81034
 -3.60950  -0.90790
  3.73935  -2.60594
  4.86669  -5.69442
 -4.07750  -0.72474
  5.00843  -3.83359
  5.06642  -5.05339
  4.60999  -1.59811
 -0.47304  -0.60460
  4.71226  -5.95813
 10.57150  -3.19044
  7.80330  -2.66928
  4.98282  -2.58982
  6.25166  -2.33338
  4.72124  -1.75235
  4.83862  -1.24250
 -6.90201  -0.40698
 -4.81801  -0.29795
  5.23229  -2.84682
 -6.88211  -0.95481
 -6.13833  -0.59673
 -3.88490  -0.88896
  5.02327  -7.19405
 -0.72002  -1.32764
 -7.24045  -1.37619
 -0.57516  -1.16869
  4.75109  -5.49325
  5.78229  -2.22167
 -8.67182  -0.87271
  4.95106  -2.52614
  4.58940  -2.36912
  2.00783  -2.84343
  5.44369  -2.76663
  4.69141  -3.92625
  4.98859  -4.36858
  4.57680  -5.90708
  3.40163  -2.68999
 -3.82695  -1.34519
  2.63164  -2.13128
 -7.46167  -0.56767
  9.37114  -2.84589
  1.43240  -2.70314
  5.92942  -2.78419
 -3.86189  -1.03852
  5.02222  -4.08078
 12.52543  -1.92585
  1.79639  -2.51344
  2.70623  -1.16335
  5.02125  -5.10301
  6.61145  -2.95561
 -4.59414  -1.05339
  0.83646  -2.81564
 -8.79543  -0.91428
 -2.41017  -1.04649
  4.95888  -2.42189
 -7.28601  -1.08730
  5.02581  -3.48441
 -2.59552  -2.56673
 -3.58085  -1.10523
 -1.54346  -0.80969
 -7.37845  -1.23218
 -9.11458  -0.87218
  0.07279  -0.83558
  5.14980  -5.79525
  7.28357  -2.71991
  7.22042  -2.12208
 -2.42089  -0.91288
  5.03809  -4.44528
  5.17468  -2.70917
  6.06381  -2.78220
 12.82547  -3.08645
  2.71760  -2.20860
  7.00783  -2.95706
 -8.79696  -1.13439
  6.46563  -2.61425
  4.80288  -6.25050
  5.27272  -2.29013
  4.58859  -2.84345
  5.17628  -4.53528
  5.21658  -3.44085
  7.48863  -2.44346
 -9.49041  -0.77031
  4.79301  -5.48786
  5.14878  -2.75205
  4.93087  -5.51065
  5.07144  -2.68039
  4.73462  -4.52566
  4.94772  -2.47600
  1.23085  -2.58854
  4.88514  -5.34202
 -1.69250  -1.12826
  5.66865  -2.53048
 -3.95464  -2.64520
 -5.98751  -1.01389
  4.92417  -6.35345
  5.25235  -4.26506
  4.92636  -3.00402
  4.34955  -2.42986
  5.17064  -5.20705
  4.83714  -6.38208
  4.90803  -4.25260
 -2.15154  -0.39476
 -4.15010  -0.83964
 -3.13148  -1.29926
 -8.69670  -0.95891
  4.92721  -8.73240
  5.25896  -2.61116
  5.21487  -3.99924
  4.74032  -5.98123
  4.98714  -5.53694
  1.00479  -2.57031
  2.14208  -2.59435
  2.86594  -2.62365
  5.24115  -0.92525
 -6.73736  -1.12923
 -5.52620  -0.97783
  4.99818  -3.19452
  4.96712  -3.90963
  4.70875  -3.99484
  5.59366  -2.54559
 -6.26247  -0.77393
-12.57683  -1.69761
  4.99798  -3.99993
  3.96600  -2.57868
  4.24509  -2.56194
 -6.63789  -1.30208
  6.11761  -2.44257
  4.73005  -3.03604
  0.00185  -1.17549
  4.90421  -4.21275
 -3.12601  -0.98670
 -0.25258  -3.15683
  9.61792  -2.65859
 -1.84965  -0.62174
  2.54912  -2.61912
  4.32840  -5.30289
  4.74852  -4.99920
  3.99231  -2.23525
  4.73794  -3.90797
  9.05852  -2.52383
  5.71251  -2.83463
  7.35620  -2.49835
 -1.59281  -1.39257
  5.31265  -3.26434
 -1.43018  -0.93719
  5.03457  -5.88458
  4.92727  -6.04915
 -7.05303  -1.63858
  0.64548  -2.60604
  5.03082  -2.20352
 -5.17239  -1.28103
 -7.61288  -1.38309
  4.94558  -1.50178
  2.46904  -2.60378
 -2.59829  -0.24805
  4.59686  -2.41944
  5.14503  -4.37199
  5.01232  -3.19777
  0.74877  -2.21726
 -3.38058  -0.60996
  5.20476  -3.05467
  4.99951  -2.47418
  2.93368  -3.03461
 -0.90869  -1.31421
 -1.70412  -0.98747
  5.74648  -2.91925
  5.18341  -6.36177
 -2.17148  -1.14133
 -2.55409  -1.12826
 -3.53035  -0.50785
  3.19029  -2.81725
 -2.74543  -0.99513
  2.63290  -2.43740
  1.98318  -3.05062
 -6.57383  -0.55978
 -0.11068  -1.14170
  1.47907  -2.86925
  3.00998  -2.70049
 -4.79394  -1.20477
  9.26264  -2.45909
 -4.46665  -1.10506
 -5.74920  -1.05404
 -1.96618  -2.60805
  2.34135  -2.60453
  5.25261  -4.81085
  1.84903  -3.34179
  3.00098  -2.79118
 -4.40192  -1.22370
 -3.44401  -0.22486
  8.72939  -2.79392
 -5.61168  -0.72454
 -1.97495  -0.78103
  0.39636  -0.39758
 -7.03921  -0.93801
 -7.64081  -1.03993
  5.04610  -4.15315
  7.67640  -2.60126
  0.85785  -2.62821
  0.40975  -2.24915
 -5.26087  -1.14582
  5.26593  -2.94531
  7.74766  -2.34703
  4.77433  -5.76925
 -3.59564  -0.98650
  5.29895  -2.76209
  4.69739  -2.61266
  0.22135  -2.24576
  4.89889  -6.65465
  5.00794  -3.74226
  1.89563  -2.39206
  1.43109  -2.55759
 -2.13027  -2.87573
  3.05536  -2.80315
  9.94892  -3.20474
  5.38043  -2.60028
 -2.74642  -1.77591
  4.98985  -4.28017
  4.50164  -3.00261
 -5.00421  -0.95425
  2.92924  -2.23183
 -5.09259  -2.87871
  4.71217  -5.40817
  7.95977  -2.57508
  4.43460  -6.56763
 13.11588  -2.73097
  4.71833  -2.50199
  3.17988  -2.69984
  6.64992  -2.49273
  4.56042  -3.37694
  3.35283  -2.58131
  0.25415  -2.57296
 -4.29612  -1.20710
  5.05325  -2.33667
 -2.95637  -2.55784
  6.29946  -2.53530
  3.39352  -2.89413
  5.15668  -2.82773
 -2.14033  -1.16806
 -1.79378  -1.38722
  5.04067  -2.91633
 -4.77249  -1.14611
 -0.04237  -3.15055
  3.67291  -2.32975
  4.93632  -2.13309
 -3.68031  -2.45138
  5.02897  -2.85013
  4.65267  -2.88070
  6.20163  -2.20380
  4.80378  -4.67679
  7.32622  -2.46178
  0.67746  -2.71339
  4.53571  -2.92598
 -3.79529  -1.12820
  4.19582  -2.64669
 -3.64340  -0.61144
  4.73373  -2.76528
 -0.60028  -1.23108
 -4.84223  -0.80237
  3.56157  -2.29919
 -2.64904  -1.10343
  5.06317  -2.92107
 -2.45877  -1.11702
  5.09439  -3.87252
 -4.27362  -0.51328
 -4.02478  -1.08961
 -4.35910  -0.82048
  4.56675  -2.29997
  1.03226  -2.37336
 -4.99047  -0.59537
  4.39068  -2.49405
  1.21898  -2.82984
  7.68473  -2.54712
  5.03751  -3.32531
  4.63038  -2.24957
  3.38171  -2.45341
  5.08390  -3.68640
 -4.95692  -0.93479
 -4.26850  -0.84632
  5.87704  -2.37510
  4.86736  -2.36121
  3.02476  -3.18371
 -4.78891  -1.16832
  0.92898  -1.16349
  4.82826  -1.48464
  6.25131  -2.98929
 -4.80286  -1.06405
  7.84598  -2.60738
  4.89954  -0.81927
 -6.92142  -0.51968
  4.68398  -3.59083
  4.93434  -2.63430
  5.17561  -6.27749
  6.84400  -2.32949
 -2.36189  -1.00838
 -3.41291  -3.00178
 -1.35332  -0.89976
  9.90755  -2.42701
  4.55840  -5.84983
  7.92796  -2.99363
  5.72822  -2.15474
  3.78642  -2.49803
 12.49257  -2.44569
  4.88637  -5.47532
  5.25961  -6.14866
 -0.82240  -1.40351
  3.73484  -2.86336
 -2.61387  -1.16647
  7.60619  -3.33460
  6.34665  -2.76940
  1.97861  -2.35886
 -4.30826  -0.90207
 -3.16903  -0.46212
 -6.39111  -1.30049
 -0.92323  -0.74803
  1.73124  -2.23596
  5.50696  -5.89493
  7.91491  -2.51619
  4.66598  -4.73840
  4.92373  -5.06838
 -0.63741  -2.14672
  5.23301  -4.42650
  6.26044  -2.97297
  7.21186  -2.50048
 -8.99085  -0.99059
 -0.54235  -1.16040
  4.83217  -3.36822
  6.82703  -2.25931
  5.21934  -4.01542
 -2.65401  -0.72551
  4.97903  -2.87058
  2.92291  -0.92247
  3.88744  -2.66119
  4.11137  -1.96403
 -4.56297  -0.71991
  6.82820  -2.70396
 -2.28245  -0.75415
 -0.68664  -3.15274
  3.27523  -2.18515
  5.17439  -4.13257
 -6.43115  -1.16455
  4.13941  -2.27795
  5.00349  -6.16136
  7.41163  -2.71559
  1.14538  -0.65863
 -2.54364  -0.94531
  4.96581  -0.68855
 -6.50868  -1.07811
 -4.72111  -1.22472
 -0.25968  -2.55450
 -4.78489  -1.37707
  5.06865  -2.25023
  5.17928  -3.42070
  5.74190  -2.23158
 -3.27166  -0.95344
 -5.20299  -1.55661
  4.85628  -4.73134
 -7.89542  -0.77773
  6.88721  -2.83948
 -4.94603  -1.21712
 -0.38115  -2.36539
  4.45912  -3.06634
  5.08000  -5.60964
  4.81149  -3.08556
 -3.53940  -1.45384
  4.57749  -7.36303
 -0.31105  -2.70806
 -5.30243  -1.43403
 -2.68689  -0.89835
 -0.34079  -2.56555
 -4.56357  -1.38749
  5.06327  -3.33205
  2.03663  -2.49509
 -3.15214  -1.52424
  4.46863  -2.02789
  4.05355  -2.31282
  4.68746  -3.95321
  4.63550  -5.65655
  5.16454  -3.74586
 -9.69029  -0.30101
 -4.79464  -1.20941
 -6.84804  -1.05708
  1.86715  -2.44386
  4.91185  -4.28543
  1.94452  -2.22529
  4.81779  -4.92047
 -8.03934  -1.59847
 -1.33146  -1.08559
  2.97192  -2.88049
 -0.86834  -0.87492
  9.38382  -2.43253
 -0.89742  -2.60255
  5.20932  -3.72963
 -3.08139  -0.98069
  9.88832  -2.55695
  4.79026  -2.83282
  4.71704  -4.87508
  4.94876  -3.99537
 -2.70647  -0.46484
  5.04170  -4.51624
 13.08556  -2.53007
  4.91444  -2.18637
 -7.27717  -0.77981
  2.76444  -2.77949
  4.61994  -5.16401
  7.13131  -2.21529
 -4.78937  -1.51266
  1.45178  -2.74921
  5.39402  -5.20551
  0.54282  -2.59652
  5.04003  -6.00562
 -7.43404  -1.56934
  1.71826  -2.09729
  4.33855  -3.20819
  5.16623  -5.77419
  3.49904  -3.07100
  8.20097  -1.73593
 -1.00620  -0.59500
 10.74453  -2.85942
  1.77415  -2.72654
 10.92749  -2.63529
  4.94763  -7.26938
 -6.83405  -0.67624
 -6.40034  -1.15133
  4.95573  -3.99160
  3.64710  -2.73820
  4.93591  -5.80127
 -0.58722  -0.88782
 -1.49342  -1.44686
  0.49707  -2.57600
  3.36514  -2.36771
 -2.74367  -1.14146
 -6.11675  -1.43967
  4.68938  -5.96776
  2.51862  -2.92257
  5.35272  -4.67951
  5.01829  -4.57937
  5.41232  -2.34351
  0.88606  -0.72335
  4.69052  -2.54516
  5.19207  -2.65114
  4.91529  -2.73053
  5.04180  -6.03727
  4.99467  -2.43479
  0.66065  -2.69263
 -4.47807  -1.62513
  4.46343  -3.47331
  5.06649  -3.06742
  4.88000  -3.91656
  4.71061  -0.51417
-11.00179  -0.74625
  5.35378  -4.32096
  5.40649  -3.46766
  7.38114  -2.68793
  5.00583  -5.46821
 -4.29141  -0.35222
 -4.23044  -0.45643
  4.26048  -2.94343
 -7.64945  -0.76013
 -9.99753  -1.21928
  3.31193  -2.47150
  1.44350  -2.75962
 -3.34782  -1.06749
  4.64407  -1.97572
  0.75154  -0.93718
 -0.59013  -2.99197
  7.09099  -2.73870
  4.61087  -3.48641
  7.30224  -2.75258
 -5.30350  -0.88296
  4.35169  -2.84027
  1.33357  -1.05337
  4.55813  -4.66179
  3.35306  -2.57103
  5.25415  -3.33131
 -6.01821  -0.74587
 -2.07758  -0.80110
  5.05934  -4.88386
  4.86647  -2.45849
  4.99360  -1.97663
  3.36783  -2.09195
  5.65232  -2.87315
  5.03582  -2.00102
 10.80014  -3.07437
  3.46856  -3.16104
 -4.57100  -0.77827
  7.12284  -2.27956
 11.96543  -2.54348
  7.49552  -1.91881
 -1.91294  -2.60733
  4.15309  -2.33503
  5.17012  -2.01123
  4.74081  -3.56293
  4.91069  -4.37640
  5.17629  -2.02981
  6.49906  -2.63005
  3.49961  -2.72284
  1.42943  -2.58002
  5.25472  -3.46145
 -6.93914  -1.07320
  4.92205  -4.25565
  5.31330  -6.82230
 -2.93434  -1.13603
  4.88977  -2.32230
  4.73178  -3.02968
 -2.11372  -0.47997
  4.93211  -5.06322
 -6.25232  -1.19047
  4.68267  -3.52701
  5.50069  -2.67723
  4.86154  -2.75474
 -5.47525  -0.93948
 -5.44350  -0.54815
 -4.79404  -1.12105
  1.90396  -2.59056
  0.36887  -1.54775
 -8.95169  -0.59428
  8.09809  -2.89239
  4.59068  -3.39259
  4.79823  -5.15564
  4.90003  -6.95676
 -3.23084  -0.59604
 -5.04844  -1.27314
  0.42171  -2.37779
 -5.55240  -1.22933
  5.19213  -2.49160
 -5.98453  -1.02360
  5.16018  -2.94339
  5.05783  -6.58060
  1.95286  -2.73267
 -5.49341  -0.93418
 -8.04278  -0.64313
  4.82591  -3.12335
  5.12326  -1.70064
  8.59071  -2.79506
  5.03461  -4.40333
  4.71047  -2.37625
 -5.66718  -1.67359
 10.29073  -2.89994
 -6.76027  -1.39831
  5.04899  -1.65947
 -3.26749  -1.00684
  5.25618  -2.33749
 -2.60176  -1.32836
  3.73520  -2.92668
 10.52713  -2.67773
  4.64533  -5.43876
 -0.94616  -2.81158
 -4.23326  -0.88494
  0.98633  -2.48884
  7.54589  -2.75953
 -4.18347  -0.53197
 -2.25708  -1.47380
  4.99739  -3.09475
 10.14218  -2.74372
 -8.94145  -1.68069
  4.99457  -5.44238
  4.98934  -7.67394
  4.88308  -0.09712
  5.06993  -6.58811
  5.11121  -2.66253
 -9.73533  -1.05319
  7.54457  -2.32199
  9.69283  -2.91038
 -0.85478  -1.20300
  4.95958  -7.39930
  5.14340  -4.60152
 -5.01050  -1.38515
 -7.69403  -0.94813
  5.92110  -2.80179
 -6.50863  -1.11526
  4.73138  -3.65252
 -8.02845  -0.79879
 -7.03497  -1.46162
 -0.72154  -0.51840
  1.75110  -2.27881
  4.70796  -4.90082
  9.30812  -2.36035
  4.88521  -3.88204
  3.84949  -2.69793
 -0.11710  -2.31095
  5.48828  -2.54606
  4.62824  -4.69995
  3.81248  -2.66357
 -3.46796  -0.74722
 -7.92139  -1.33194
  8.21172  -3.11255
 -5.17923  -1.43725
 -2.97519  -2.64222
 -7.40163  -1.01981
 -5.18527  -1.82176
 -8.68239  -1.25357
  5.09290  -2.90719
 -2.25140  -0.83093
  4.72856  -2.51206
  4.87854  -6.51869
  4.84892  -2.67978
-12.22995  -0.48204
  1.17578  -2.67591
 -5.72446  -1.51642
 10.43502  -2.37919
  4.83019  -2.25850
  4.86673  -3.29406
 -4.55197  -1.29158
 -4.50872  -1.15187
  4.60919  -5.88893
  5.23833  -1.73065
  4.82811  -2.82855
  6.77666  -2.45954
  7.59233  -2.69312
 -1.84846  -1.13343
  4.66312  -4.33974
 -6.54580  -1.11976
 -0.35957  -2.77545
 -4.35482  -2.81949
  4.91175  -2.83079
 -3.40845  -1.16240
  4.94659  -6.34352
 -0.74720  -2.58528
  4.98705  -3.66143
 -8.11441  -0.54794
  0.26975  -2.07169
  4.86112  -3.88571
  4.94892  -2.34531
  0.57175  -2.40531
 -6.00866  -0.82650
 -7.71384  -0.19827
  4.10604  -2.71533
 -4.03397  -1.37106
  6.94506  -2.70795
  4.90131  -3.39441
  8.61489  -2.96353
 -6.51883  -0.73524
 -9.58292  -0.97617
  8.87048  -2.49429
 11.58330  -2.24808
  4.90672  -5.28036
  5.60985  -2.42840
  5.15528  -5.45974
  1.97719  -2.01791
  2.65498  -2.55113
 -7.16114  -1.62302
  4.58696  -6.70006
  5.04553  -6.66909
 -4.79234  -1.23273
  4.94552  -5.01705
  4.83966  -2.18742
  6.20935  -2.41814
  5.17165  -2.76537
 -2.36204  -0.99263
 -8.12995  -0.58921
  5.12370  -4.54651
 -2.93544  -1.14751
 10.72129  -2.67536
 -3.96322  -1.40978
  4.65017  -5.67628
  4.85741  -5.27546
  3.11205  -2.44534
  4.66607  -2.48950
 -3.10937  -0.81513
  5.14853  -2.87996
  4.94390  -5.54917
  5.10877  -3.84084
  4.70078  -2.49168
  2.97800  -2.54895
  6.21672  -2.75715
  4.77537  -2.14732
  1.09358  -2.37013
 -7.16849  -1.24443
  4.57150  -2.80269
 -4.61089  -0.83343
  0.75597  -2.85045
  4.90831  -3.27096
  2.40214  -2.88974
 -4.16645  -1.21569
 -6.19816  -1.03141
 -2.54123  -1.21919
  5.08193  -5.40848
  4.70519  -2.63346
  1.72581  -2.57352
  2.67293  -2.89257
 -6.78634  -1.23142
 -0.47132  -1.39523
  5.92662  -2.90341
  5.05116  -5.12340
  1.75887  -3.17460
  1.03030  -2.79081
  4.35496  -2.16367
 -4.50549  -1.90727
 -3.56811  -1.52068
  4.78871  -5.36500
 -3.57544  -1.13995
  5.13592  -2.83586
 -4.94025  -1.05659
 -8.40154  -1.26639
 -6.70723  -0.85758
 -6.97753  -0.91284
 -1.49766  -0.93003
  5.14093  -2.70085
 -2.07028  -2.69578
  5.00504  -6.35690
  5.23967  -5.86747
  4.85601  -4.25136
  5.13251  -5.89889
  6.27922  -2.85767
  6.00998  -2.76515
 -2.89114  -1.29514
  4.32661  -2.43391
  4.81504  -1.53875
  5.21587  -2.46219
  4.82692  -5.17803
  6.23874  -2.46498
 -7.39559  -0.57393
 -6.98896  -0.82900
  5.17535  -6.39543
  9.37489  -3.02768
 -9.74506  -1.31641
  4.90075  -3.04572
  5.17089  -3.70357
  1.96287  -2.62164
 -3.96866  -0.44209
  4.92783  -4.40149
  5.30169  -6.01818
  5.15153  -3.50979
 -7.71876  -1.02570
 -1.85479  -0.97415
 -2.94741  -1.54480
 -2.88054  -1.47121
 -5.65306  -0.55569
  4.35825  -1.41776
  4.59544  -8.10595
 -0.01747  -1.21171
  2.60909  -2.36437
 10.07880  -2.20519
  5.29830  -5.28943
  5.06303  -2.74407
  8.30807  -2.33615
 -6.92907  -1.13917
 -1.19115  -2.02744
  4.84903  -4.50681
  5.33417  -1.71867
  4.92847  -2.99119
  5.08413  -3.43704
  5.05257  -4.28245
 11.78568  -2.60772
  4.68067  -4.33961
 -3.16357  -0.71733
  7.50683  -3.41625
 -6.57062  -1.09180
  4.49230  -2.99126
  9.33697  -2.84942
 -3.69159  -0.23184
  5.75973  -3.14342
  5.12539  -4.42060
 -3.08585  -0.99072
 -0.46085  -2.56501
  5.80117  -2.59062
  4.90990  -4.87395
  5.24383  -3.55724
 -4.08094  -0.80208
 -0.71756  -0.64613
 -8.45835  -1.46335
  9.06257  -2.67127
  4.99674  -7.26391
  4.90912  -6.19827
-10.46552  -0.55348
 -2.04362  -1.17607
  4.90653  -2.57162
 -6.33240  -0.72905
 -1.42396  -1.02493
 -2.74058  -0.49514
  5.88778  -2.39798
  0.54532  -2.75026
 -4.14097  -0.65535
  4.93963   1.58581
 -0.61582  -2.55603
 -6.17262  -1.48788
  5.00225  -2.50559
  4.99780  -6.37727
  4.17611  -2.79604
 -5.00890  -1.21636
  5.25937  -2.62612
 -5.90853  -1.29171
  3.85529  -2.68817
  4.81795  -2.15327
  2.37836  -2.75499
 -4.23468  -0.95250
  1.67469  -2.43968
  3.49362  -2.67689
  2.87396  -2.19543
  5.39606  -5.41768
  4.74892  -4.47443
  4.92479  -5.55325
 -6.56504  -1.45276
  5.13794  -2.87212
  5.22540  -4.29636
  0.01352  -2.77199
  4.89776  -3.62548
  2.86075  -2.85673
 -2.61118  -0.98951
  5.20972  -6.85537
  5.14919  -4.24598
  4.94205  -2.69032
 -8.41594   0.03162
  9.60397  -2.57205
 -5.74867  -1.23401
  5.06484  -1.97617
  8.61557  -2.19220
 -1.31625  -0.71336
  4.73581  -2.62063
 -3.70906  -1.49986
 -3.95507  -1.43193
  4.91732  -2.27862
  5.23626  -6.43974
  5.07971  -3.78670
 -7.32233  -0.96017
  3.74288  -2.92088
 -4.34248  -0.86458
  4.71189  -2.40487
  4.85558  -4.89670
 -3.28716  -1.07652
  4.02864  -2.69983
 -7.92688  -1.37796
  2.96296  -2.58724
  4.78395  -4.46661
 -4.92486  -1.62733
 -5.68466  -2.55539
  4.62221  -6.23499
  5.78685  -2.27118
  5.12182  -4.67487
  5.22891  -3.01656
  4.49335  -2.71052
  5.22307  -5.62776
  6.92158  -2.74277
  5.35345  -3.45166
  4.99454  -4.22198
  8.52512  -2.41613
 -5.99388  -1.20545
  5.23707  -2.63240
  2.84197  -2.93791
  2.66700  -2.73090
  2.74739  -2.47162
 -2.15192  -0.95361
  4.91895  -4.21171
 -1.61603  -0.94231
 -6.09904  -0.90688
  4.64418  -0.95986
  5.09659  -4.84354
  6.37338  -2.88910
  4.86638  -2.73494
  7.40415  -2.61092
  5.23231  -7.30578
 -6.60594  -0.26936
  5.16754  -2.65463
  4.79395  -4.83802
  5.23404  -2.54654
 -5.72537  -0.68048
 -2.37616  -1.40118
  4.71672  -4.49018
 -6.58255  -0.53235
  5.15202  -4.40141
  5.00477  -4.69069
 -8.90457  -1.46003
 -4.02193  -1.60498
  4.96930  -2.21235
  4.64634  -0.13518
 -4.36448  -1.14851
  7.35933  -1.93840
  5.17254  -6.66008
  4.92324  -4.23294
 -7.64053  -1.23330
  0.64156  -2.74302
  4.83525  -5.15448
  4.63858  -2.94994
 -4.16545  -1.08064
  4.98133  -2.06359
 -9.26048  -1.30697
  4.73982  -5.68209
-10.84572  -1.31847
 -6.35376  -1.52965
 -3.52355  -1.51093
  9.40429  -2.67743
 -1.88495  -1.05508
 -8.83062  -0.97205
  4.97401  -2.79646
  5.84752  -2.42576
 -3.54134  -0.95797
  2.38451  -2.78978
  4.95053  -2.53259
-11.56476  -0.75733
  4.76885  -6.02966
  4.91762  -6.44680
  4.79739  -3.02427
 -0.50356  -2.75167
  4.68252  -4.29724
  5.14803  -6.45239
  4.93139  -4.31811
 -3.47405  -1.93182
  4.93717  -6.19893
 10.56480  -2.32817
  4.85385  -1.93531
 -1.82379  -1.09287
 -2.28647  -1.55920
  8.24283  -2.79905
  4.88522  -4.32585
  5.22457  -4.72966
  3.68107  -2.87238
 -7.10541  -1.16459
 -2.90650  -2.25692
  5.12694  -6.18209
 -4.90106  -1.22956
 -5.42840  -0.73801
 -9.07638  -1.13292
 -3.90949  -1.97431
 -0.12874  -1.18272
  5.14830  -2.11286
 -3.70699  -1.69969
  5.26239  -3.14745
 -2.47929  -0.67785
  6.21054  -2.95288
 -9.47323  -0.72647
 -4.26944  -1.12076
 -2.84796  -0.80814
  0.37619  -2.77283
  5.12953  -2.12882
  5.11843  -4.76007
  4.87561  -3.94249
 -4.38598  -0.52513
  5.19323  -5.47160
  7.93121  -2.48037
  5.12260  -4.61989
  5.26980  -4.78966
  5.42247  -4.19777
  3.81841  -2.62822
 -2.24276  -0.65590
  1.96929  -2.91166
 -1.64420  -0.67909
  4.57045  -5.05906
  4.38791  -2.27476
  3.71876  -2.78922
 -6.33028  -0.36842
  3.52977  -2.68765
  5.05210  -1.94444
 -8.26558  -1.49875
  4.23508  -2.38834
  9.39812  -2.47334
 -5.41009  -0.74702
 -4.05842   0.13269
  5.28856  -6.84294
  4.59417  -0.96240
 -5.36929  -0.60300
  4.49598  -4.01177
  4.51810  -6.77659
 -1.54087  -0.71073
  4.99029  -2.84217
  5.33230  -8.03673
  5.06400  -3.37838
  4.81363  -1.84719
  6.34359  -2.54714
  5.09946  -4.17940
  9.29306  -2.37011
  5.36616  -3.47299
 -3.72172  -1.05037
  4.67121  -2.20257
 -3.91096  -1.30315
  5.13973  -3.96580
  4.92573  -4.06306
 -6.71876  -0.99998
 -5.39257  -0.77139
  4.91760  -4.25662
  5.60378  -2.75789
  5.10804  -3.94086
 -4.09205  -0.80169
 -6.52537  -1.58902
  6.40790  -2.19032
 -2.34966  -1.62805
  5.19598  -7.18214
 -3.70125  -0.88318
 -3.12224  -1.87292
  4.68024  -2.30210
 -4.10714  -0.64398
  5.20556  -2.19411
  3.20554  -2.39007
 -8.03196  -1.08434
 -4.72774  -0.94125
  4.74106  -5.77632
  0.40781  -2.32584
 -2.00576  -1.13195
 -4.29453  -0.64335
  0.85725  -2.66265
  4.87426  -7.96159
 -8.83777  -1.12779
  4.65412  -4.82539
  4.63510  -4.59829
  4.95332  -6.75053
 -8.46377  -1.12559
  2.52295  -1.08012
  5.30785  -6.09494
  4.90385  -2.30670
 -9.72246  -1.56850
  5.01420  -2.87659
 -6.28862  -0.61922
 -2.74275  -0.81759
  5.02151  -2.55323
 -5.12093  -1.34484
  5.06605  -3.05807
  7.62224  -2.42145
  5.19483  -4.21329
 -6.83596  -1.93390
 -7.36058  -0.91962
  0.71566  -2.21585
  4.94768  -4.09445
  3.96111  -3.00434
  5.22641  -4.81576
  3.97648  -3.20999
 -4.01897  -1.10996
 -5.09009  -1.43257
  6.50152  -2.68685
 -6.64740  -1.23016
 -7.85648  -0.67161
  6.54260  -2.82985
  5.30537  -4.34476
  7.35850  -2.50504
  1.04041  -2.74931
  4.96562  -3.72420
 -5.58451  -1.52576
  5.08292  -4.33874
  5.18969  -4.98457
 -1.67365  -0.52931
  4.67275  -2.52781
  1.95471  -2.41511
  4.80489  -3.17116
  4.94565  -5.16998
  3.46223  -2.67094
 -3.69047  -1.40302
 10.43535  -2.03635
 -5.32151  -1.59747
  2.21464  -2.78173
  5.04633  -3.61830
  8.09974  -2.93816
  5.12802  -4.76629
  5.10864  -6.62356
  4.75500  -2.32423
 -1.90183  -1.20089
  4.63033  -7.91117
  2.33350  -2.80253
 -0.15501  -2.43363
  3.51163  -3.00385
  5.04590  -2.38232
  4.76409  -3.84354
  4.95128  -5.88243
  4.96000  -6.20551
  5.09377  -2.20238
  2.03132  -2.84187
  3.75303  -2.61296
 -6.39555  -0.58628
  5.09010  -4.91159
 -4.13520  -0.77340
  5.18425  -6.41622
  4.38033  -3.11117
  0.43543  -3.42571
  2.18565  -3.36308
  4.79940  -4.89428
 -2.73867  -0.88872
  4.96991  -5.59055
 -4.45127  -1.51841
  4.60446  -4.47325
  5.18962  -3.39466
  4.85392  -4.91731
 -6.45553  -1.53628
 -2.48446  -1.12778
 -2.29340  -1.83528
 -3.08851  -0.72394
 -1.02656  -1.16910
 10.84495  -2.10919
 -1.52904  -2.33529
 -1.86773  -3.01149
  5.54285  -2.52627
 -2.91535  -0.54259
  7.93830  -3.05001
 -3.78038  -1.20432
 -0.48435  -1.07898
  4.82492  -3.54203
  5.07416  -4.57705
  4.69140  -2.33031
 -1.88647  -1.51139
 -5.18030  -0.62473
 -7.42655  -1.24079
-10.25478  -0.84028
 -6.50849  -0.71456
  8.38452  -2.58882
  7.77770  -2.58719
 -5.62024  -1.25852
  4.69098  -6.51121
  4.88192  -3.90105
  5.07356  -2.40286
  4.95931  -2.79906
 -2.66338  -1.04819
  4.94774  -6.02392
  5.17405  -2.78489
  7.25051  -2.08414
  5.08446  -2.66710
 -7.60843  -0.55505
 -3.18007  -0.72819
  4.46150  -3.99673
 -4.11364  -1.20208
  4.87944  -5.86943
  2.14831  -2.20755
  6.80089  -2.71635
  4.70032  -2.47877
 10.30617  -3.18652
 -8.82219  -0.83370
  8.90087  -2.64782
  5.06831  -3.02511
  4.73989  -4.58476
  4.31160  -3.00973
  4.96361  -2.63704
  5.16152  -3.04087
 -4.76701  -1.34298
 -8.76116  -0.67025
  5.50766  -2.79282
  4.76917  -6.39964
  4.99324  -6.08856
  4.88769  -3.28222
  6.16655  -2.43641
  5.12528  -2.52635
  4.88766  -5.56800
  5.31393  -3.86117
 -1.14381  -2.75508
 -1.70397  -1.97641
  1.11892  -2.50323
  1.03900  -2.69688
  3.11374  -2.59364
 -7.01034  -1.14701
  6.32423  -2.72448
  0.53836  -2.96488
  5.09521  -4.74345
  1.41262  -0.98648
  5.47078  -2.88881
 -1.26195  -1.07150
  8.38727  -2.25099
  5.14096  -2.76113
  5.02497  -7.06050
  5.14452  -3.78921
  5.03671  -4.03966
 -4.73920  -0.82400
  4.88245  -4.35531
  5.08153  -3.52077
 -2.15737  -1.15272
 -3.79342  -1.29902
 -0.73103  -2.41432
  5.05124  -1.67950
  6.83908  -2.82562
  4.94025  -1.71696
  4.49928  -3.79660
  3.70340  -2.47184
  4.61759  -2.77266
 -3.08517  -1.02955
  5.01741  -3.76927
  5.21455  -4.31484
  4.86837  -3.26988
  1.73164  -2.85803
 -3.67910  -1.42265
  2.51939  -2.88220
  3.50067  -2.57596
  5.48983  -2.47750
 -6.48831  -1.15019
  5.04538  -5.60179
  7.43678  -2.39344
 -1.49294  -1.03716
  4.83702  -0.32483
  5.15982  -3.39124
  4.77521  -6.43725
 -4.08143  -1.34756
  5.00744  -2.87327
  6.06259  -3.05841
 -5.39311  -0.94763
  4.90186  -5.30217
 -5.25407  -0.65265
  6.33012  -2.86000
  4.83634  -2.19484
 -4.10805  -1.56139
  5.71826  -2.29173
  4.71847  -5.64207
  5.10802  -3.76275
  9.78410  -2.37960
 -4.74251  -0.94240
 -2.99630  -0.83419
  3.85628  -2.45780
 -4.56827  -0.53748
  4.65124  -2.34676
  4.12876  -2.42290
  5.70412  -2.28187
  0.98070  -0.75995
 -3.42348  -1.05937
  5.01539  -4.36988
  0.68761  -2.47234
  3.25374  -2.30621
  3.49791  -0.40880
  4.86071  -1.57152
  3.61693  -2.36618
  5.01504  -2.47602
  5.06517  -1.13701
 -6.14767  -1.48703
 -2.42091  -2.40283
  5.15327  -5.58724
 -3.43359  -2.70411
  7.00762  -2.69442
  5.11109  -3.80591
  5.02183  -4.20729
  3.81256  -2.46042
  5.36261  -2.54770
 -0.03623  -2.01638
  5.04073  -6.41844
  4.98043  -5.01109
 -4.65911  -0.87338
 10.85872  -2.05503
  5.04785  -5.20007
  4.95170  -2.42188
 10.45248  -2.49307
  0.41411  -2.40909
 -0.37266  -2.70909
  4.54966  -6.26097
 -3.85804  -0.84541
  4.98974  -1.67272
  4.69087  -3.65810
 -3.81938  -0.89728
 -7.14421  -0.54481
 -6.89927  -1.43976
 -9.82226  -0.17225
 -7.06038  -1.09012
 -5.43678  -0.87372
  7.12141  -2.86737
  3.33900  -2.58744
 -3.73347  -1.27976
  3.98466  -2.61701
  4.92821  -2.74551
  4.94941  -4.34500
  5.24198  -3.07913
  4.93912  -3.20693
  4.70825  -4.32585
 -1.57249  -2.80411
  7.58186  -2.91149
  2.73702  -2.53951
  7.14891  -2.88149
  5.14318  -4.44315
  3.10066  -2.76884
  4.96446  -4.33531
  4.85355  -5.64904
 -5.01068  -0.67987
  4.22226  -2.34648
  5.00039  -2.90533
  3.02927  -2.61844
  4.95144  -4.00503
 -5.45792  -1.24332
  4.67867  -5.38068
  4.60162  -3.71476
  0.59489  -0.97036
  4.71905  -4.19835
  6.92014  -2.12320
  4.63095  -7.73081
 -2.51327  -1.51335
  5.06228  -2.45446
  4.17391  -2.51311
  4.96126  -2.53877
  7.12776  -2.98278
  5.28177  -5.51550
 -0.51285  -0.64584
  5.21401  -2.72862
  0.50011  -2.41956
  4.79633  -4.18150
  5.15622  -3.73485
  4.50399  -5.17058
  4.88383  -4.70477
  5.79187  -2.54209
  4.98194  -5.04997
 -2.68248  -0.98865
  5.25623  -6.12423
 -5.87812  -1.64733
  5.16067  -4.34121
 -7.16481  -0.78992
  5.19959  -2.54180
  4.53582  -2.09059
  5.00620  -6.44497
  7.35257  -2.61624
 -8.25753  -1.22884
  4.93833  -2.74626
  3.71759  -2.55805
  5.18800  -3.97134
  5.32353  -2.75749
  3.12876  -3.03404
  4.95458  -3.13257
 -3.50717  -1.76213
  6.27072  -2.55257
  5.26915  -3.29418
  4.93894  -3.92630
 -4.92036  -0.70095
  5.06324  -6.81984
  4.80401  -4.44243
 -6.21239  -1.29301
  4.96227  -2.43202
  4.82713  -5.82268
 -5.15544  -1.22494
 -4.55255  -1.36182
  4.94415  -5.42165
  3.32988  -2.74513
  2.47333  -2.41214
 -8.49700  -1.47121
 -4.09769  -0.93906
  4.90223  -5.83643
  4.74771  -6.93979
 -3.68582  -2.22759
  5.22221  -4.43496
 -7.36114  -1.12467
  5.04845  -2.46066
 -3.21945  -0.42777
 -5.92730  -0.75467
 -4.67331  -1.19789
 -4.69453  -0.74234
 -5.67676  -1.68490
  5.08848  -3.01287
  5.02373  -4.74754
  4.86549  -2.88889
  4.99191  -5.03674
  3.48011  -2.83280
  3.94846  -3.15050
  7.65552  -3.02242
 -2.75749  -0.79839
 -3.75387  -0.72479
 -7.57868  -1.66555
 -5.19444  -1.48809
 -7.56408  -1.18475
  1.22719  -2.38753
 -0.59433  -2.55935
  4.77502  -4.13319
 -1.73337  -2.49582
  0.60003  -3.08858
 -5.17727  -0.87668
 -3.35338  -0.42009
  4.89186  -5.27005
  4.96020  -3.74795
 -1.99576  -1.01550
  5.20081  -2.51299
  4.82523  -2.50221
  5.00286  -2.88130
 -5.58741  -1.42467
 -3.70539  -0.21592
 -4.54259  -0.84352
  5.13049  -8.06634
 -3.51644  -0.83848
  1.65948  -2.78763
  4.92270  -2.22994
 -8.58225  -1.22099
  4.99068  -3.02149
 -2.64120  -0.66264
 -7.94962  -1.70181
  0.30171  -2.58084
  5.23722  -4.02754
  4.78294  -3.79841
 -5.62629  -1.34813
  4.11901  -2.69492
  4.93633  -6.06706
  5.05837  -3.83853
  9.29350  -2.29918
  0.04287  -0.97591
 -8.38843  -0.55641
  5.41358  -4.47674
  5.58566  -2.12388
 -1.92728  -2.53459
  5.04670  -3.95583
 -5.38134  -1.01796
  4.49938  -7.37627
  4.84142  -2.24805
  4.55500  -4.18707
  6.11714  -2.51261
  1.13267  -0.79100
  5.03912  -2.73636
  5.18273  -6.96520
  6.56877  -2.20670
 -7.99647  -0.86642
  3.50548  -2.70694
  5.33732  -2.39904
  5.07025  -7.13661
 10.74749  -2.15985
  4.78766  -5.06925
  0.58195  -2.93951
  8.49015  -2.49346
 -5.67921  -1.40421
  5.15242  -4.08020
  4.86500  -2.76781
 -7.85320  -0.72057
 11.13381  -3.03848
  2.56307  -2.44192
  5.19266  -7.14727
 -3.17390  -1.66527
  4.93084  -3.65769
  4.96847  -6.61920
 -9.21197  -1.02868
  4.72670  -3.74134
 -6.61607  -1.96886
 -0.85024  -0.65875
  4.52982  -2.77775
  4.83588  -2.85993
  7.82122  -2.90374
 -2.95097  -0.90911
  1.15864  -3.08460
 -0.90202  -2.42783
  2.75911  -2.68570
  4.78805  -4.69988
 -8.86435  -1.20339
  5.26978  -2.19751
  4.80359  -2.27709
 14.51713  -2.61113
  3.38517  -2.65180
  4.99217  -3.74541
  4.97252  -2.06193
  5.00528  -3.65540
  4.93305  -1.96716
 -4.64851  -0.78724
 -5.74524  -1.24194
  5.15646  -3.93922
  3.53271  -2.89272
  6.35466  -2.62728
  4.99753  -6.70098
  5.21685  -2.65944
  4.68096  -4.50964
 -6.28799  -0.90015
  2.18903  -2.38930
 -6.05116  -1.31099
 -7.96050  -0.78288
  7.09510  -2.50628
 -5.51676  -1.07272
 -2.89823  -1.55696
 -8.18136  -1.49542
  4.73363  -5.42432
  4.71335  -6.85317
  4.99134  -6.44773
 -1.78165  -0.86486
  5.28677  -2.86011
 -5.36019  -0.87992
  0.58063  -2.66120
  5.12172  -7.25385
  4.81271  -2.63038
 -2.01346  -0.84024
  4.98027  -2.72308
 -7.10046  -0.70745
 -6.78129  -0.34590
  4.68697  -3.84293
  2.42027  -2.45441
 -6.77289  -0.37570
  3.86445  -3.45865
  5.11555  -3.70783
  5.21803  -2.54084
 -5.68591  -2.92728
 -7.01738  -0.69080
  5.10189  -5.02329
  4.97503  -3.82461
 -4.14190  -0.60821
 -2.21180  -1.59633
  8.56088  -2.24489
  5.22783  -2.49587
 -3.26057  -1.02097
  5.08254  -4.76729
  1.86161  -2.60727
 -5.54397  -0.81041
 -4.54640  -1.56752
  5.23458  -5.03051
  5.56691  -2.79962
 -3.51646  -0.47591
 -5.73460  -1.03685
  1.72725  -2.29364
  8.74621  -3.03656
 -4.65164  -1.44561
  4.86538  -4.58993
  4.82464  -2.46505
  4.82127  -4.68106
  3.88544  -2.84360
  4.96361  -3.71381
  0.19397  -0.58390
  4.82476  -5.51139
  4.92269  -4.25148
 -1.21144  -1.07121
 -9.40336  -1.55710
  4.83675  -5.45439
  5.09976  -4.07179
 10.82538  -2.18466
 -1.10824  -0.95271
  4.86978  -3.60717
 -3.35263  -0.88736
  4.44704  -2.81198
  2.80956  -3.00479
 -8.67216  -1.27715
 -8.89165  -0.93940
  8.58357  -2.57557
 11.72698  -2.35896
  5.09264  -5.94899
  5.08289  -2.70444
 -3.81162  -1.26425
  3.36333  -1.90366
  5.02645  -1.78339
  4.01045  -1.84660
  2.69817  -2.65773
  3.31442  -2.98044
 -5.65056  -0.69963
 -7.27559  -1.56915
 -6.00899  -1.21698
  5.22561  -2.42918
 -8.16429  -1.05501
  4.74262  -2.89502
  4.78435  -2.68226
 -9.98476  -1.23737
 -5.29415  -0.29781
  3.49133  -2.24316
  2.99951  -2.99500
 -3.44307  -1.58101
-10.82253  -1.31181
 11.34542  -2.38274
  4.85954  -4.77076
  4.74101  -5.84240
  5.11327  -6.43477
  4.94096  -6.47494
  4.82088  -3.33521
  4.83687  -4.54950
  4.63790  -7.18529
  4.81299  -4.31695
  9.93431  -3.01433
 -3.41935  -0.65361
 10.17873  -2.44244
  5.11906  -1.28780
 -3.53031  -2.07769
  4.78768  -2.65568
  5.18890  -4.52785
  1.33141  -0.82886
  5.12814  -1.68075
  4.85718  -7.22943
 -2.39833  -2.62013
 -1.06412  -1.26632
  3.03725  -2.65097
  4.83345  -7.43688
  4.94091  -1.08899
  0.76261  -2.15266
 -5.63997  -1.21028
  5.04790  -5.12253
 -9.65929  -0.61774
 -9.41698  -1.55408
 -5.11525  -1.36863
  4.72512  -3.44298
  7.96431  -2.89566
 -9.13976  -0.53482
  5.18615  -2.55777
 12.41842  -2.96212
  5.20245  -4.30025
 -1.84185  -0.72234
  6.85865  -2.53082
 -7.06072  -1.10408
  5.05523  -3.23803
  4.89224  -4.65741
  5.15307  -3.55954
  3.09723  -2.78513
  4.81947  -5.43532
 -0.65088  -2.38381
 -1.43925  -2.25213
  7.83322  -3.14918
  4.88158  -4.44709
  5.20223  -5.04007
 -0.84260  -2.72035
  4.86562  -2.48423
  4.86044  -3.32939
 -0.88783  -1.18917
 -1.47646  -2.04039
 -6.62404  -0.21715
  5.23610  -3.44325
  5.01628  -2.59211
  4.77970  -4.93231
 -4.31056  -0.72237
  5.34427  -4.99955
  4.87046  -5.44882
 -8.35854  -1.11169
 -4.70923  -1.51299
  2.85093  -2.71399
 -4.75455  -0.94688
  0.79481  -2.01264
  0.19197  -0.07481
  4.96401  -1.59329
  4.94857  -2.51504
 -4.54695  -1.06189
 -4.96036  -0.76149
 -2.46804  -2.01130
  4.71081  -2.58410
 -3.82556  -1.09842
  4.93723  -4.55077
  4.93417  -4.15285
  4.85415  -3.18487
 -0.88702  -2.20260
  5.40592  -2.52826
 -5.37765  -1.71029
 -7.08156  -1.00842
  6.23959  -2.19536
 -2.52829  -0.85306
 -7.93567  -1.64425
 -5.85248  -0.91021
  5.08992  -4.31030
  4.74494  -3.29571
 -2.48112  -1.72453
  2.01588  -2.53778
  4.64088  -4.65874
 -6.03994  -0.69518
  5.17683  -3.72966
  6.10675  -2.64999
 -8.42762  -0.87779
 -7.36195  -1.51521
 -6.89680  -0.72023
 -5.80045  -0.72880
  4.93518  -5.65836
 -3.14414  -0.48055
  5.36811  -4.01370
 -9.33666  -1.54899
  6.85339  -2.73567
  8.58319  -2.48355
  5.41001  -5.61141
 -3.07723  -2.09835
 -7.50687  -0.88161
 -6.07984  -1.14347
 -1.81380  -0.95525
  5.06610  -2.70858
  1.17050  -2.36576
  0.31042  -2.44118
 -4.44433  -1.14402
 -4.04242  -0.85594
  4.90960  -3.45894
  4.83813  -3.83415
 10.13682  -2.65318
 -3.72387  -1.06196
  1.18644  -3.26476
  0.98846  -2.19455
  4.48853  -3.40725
 -0.64808  -1.52496
  1.89995  -1.88101
 -1.83969  -1.29860
  4.53257  -3.42710
 -5.60355  -1.34501
  4.69680  -5.16467
  5.15921  -6.15982
  5.81009  -2.89946
 -7.24315  -0.54055
 -1.61284  -2.41483
  8.04927  -2.92867
  5.76411  -2.76685
  8.46856  -2.25706
  5.07161  -7.83853
 -8.52608  -1.28107
 -9.34528  -1.10556
  2.30159  -2.68574
  4.94717  -4.91535
 -0.17804  -2.69174
  4.57775  -2.47655
 -5.59346  -1.47452
 -6.15776  -1.24167
 -4.72749  -0.85512
 -4.59237  -1.06328
  1.38782  -2.74089
 -3.83330  -1.25052
  4.62185  -4.12705
  4.95956  -3.52094
 -7.76802  -1.47160
  0.21386  -2.67409
  5.09167  -3.64351
  4.46254  -6.22070
  5.41721  -4.99750
 -1.90245  -0.99303
 -5.99216  -2.21940
  8.08464  -2.91704
 11.38075  -3.02320
 -4.92950  -1.27699
  6.16223  -2.67405
 -5.85428  -0.73607
  9.23018  -2.58937
  5.42743  -2.64197
 -4.98621  -0.65514
  4.95437  -2.63023
  4.98625  -3.92111
  6.08027  -2.66504
  0.91385  -2.76211
 -7.27766  -0.80770
 10.55411  -3.00331
 -4.46915  -1.49307
  5.09265  -3.94634
  7.24922  -2.32791
  1.26948  -2.43124
 -2.49577  -0.90640
 -3.43838  -0.05835
  4.81781  -3.55059
  4.64388  -2.84417
 -4.61053  -1.10016
 -1.98272  -0.87379
  5.23101  -3.89446
  5.03723  -4.26731
 -5.14157  -0.46049
  4.93571  -4.17249
  4.88627  -4.78006
  1.99902  -2.41226
  0.20427  -0.68634
 11.54943  -2.45315
 -6.47551  -0.96620
 -4.72763  -1.75026
  1.86745  -2.95467
  4.78895  -3.47661
  1.11393  -2.95788
 -0.34761  -2.29442
 -5.36808  -0.93678
-11.23957  -1.48060
  5.06617  -2.64647
  1.27325  -2.51545
  5.06093  -5.23055
 -5.94847  -0.39200
  5.00507  -2.90274
  3.18733  -2.78088
 -5.19576  -0.90576
  4.79479  -2.61512
 -9.73612  -0.91255
  2.75177  -2.05399
  5.01363  -3.24570
 -7.81968  -0.89178
 -0.30739  -2.75649
 -3.75723  -0.37870
